token	corpus size	all contexts size	frequency	co-frequency	specificity
угрызения	278991	19521	49	45	46.80
голос	278991	19521	131	54	27.42
такое	278991	19521	266	72	23.11
человека	278991	19521	899	150	22.37
своей	278991	19521	228	65	22.29
человеку	278991	19521	166	54	21.63
Что	278991	19521	213	61	21.09
мучает	278991	19521	23	20	19.95
угрызений	278991	19521	19	17	17.47
Угрызения	278991	19521	14	14	16.17
говорит	278991	19521	113	36	14.40
свою	278991	19521	188	47	14.00
[Зачем	278991	19521	12	12	13.86
голосу	278991	19521	25	17	13.86
человеке	278991	19521	67	26	12.90
человек	278991	19521	511	80	11.03
голосом	278991	19521	22	14	10.92
называется	278991	19521	43	19	10.80
чистой	278991	19521	16	12	10.73
чистую	278991	19521	9	9	10.40
следует	278991	19521	75	24	9.92
Павел	278991	19521	43	18	9.80
чувственная	278991	19521	18	12	9.78
Муки	278991	19521	8	8	9.24
[Что	278991	19521	16	11	9.22
муки	278991	19521	25	13	8.68
мучения	278991	19521	14	10	8.68
чиста	278991	19521	9	8	8.32
ее	278991	19521	298	50	8.24
чувства	278991	19521	126	29	8.11
Наконец	278991	19521	19	11	8.08
чувство	278991	19521	166	34	8.00
рассматриваться	278991	19521	10	8	7.65
чистая	278991	19521	10	8	7.65
О	278991	19521	136	29	7.34
является	278991	19521	406	59	7.26
закон	278991	19521	79	21	7.21
убеждает	278991	19521	8	7	7.21
греховности	278991	19521	8	7	7.21
проявлений	278991	19521	22	11	7.21
свидетельствует	278991	19521	27	12	7.09
уподобил	278991	19521	6	6	6.93
хранении	278991	19521	6	6	6.93
Личная	278991	19521	6	6	6.93
Коллективная	278991	19521	6	6	6.93
Божий	278991	19521	45	15	6.74
голоса	278991	19521	29	12	6.68
очищает	278991	19521	12	8	6.67
пробудить	278991	19521	9	7	6.59
поступили	278991	19521	16	9	6.56
Как	278991	19521	256	41	6.40
обличает	278991	19521	7	6	6.12
грехопадения	278991	19521	10	7	6.10
укоры	278991	19521	10	7	6.10
сердцах	278991	19521	18	9	5.99
воспитания	278991	19521	45	14	5.93
Народные	278991	19521	5	5	5.78
пословицы	278991	19521	5	5	5.78
Бог	278991	19521	60	16	5.69
Библия	278991	19521	11	7	5.69
мук	278991	19521	11	7	5.69
Богом	278991	19521	47	14	5.68
Природа	278991	19521	15	8	5.65
духа	278991	19521	42	13	5.52
Итак	278991	19521	20	9	5.52
дает	278991	19521	69	17	5.50
стыда	278991	19521	56	15	5.41
указывает	278991	19521	37	12	5.38
угрызениями	278991	19521	12	7	5.34
хранить	278991	19521	12	7	5.34
воли	278991	19521	52	14	5.12
против	278991	19521	33	11	5.11
мучить	278991	19521	13	7	5.04
Через	278991	19521	13	7	5.04
обвиняют	278991	19521	6	5	5.03
заговорила	278991	19521	6	5	5.03
компас	278991	19521	6	5	5.03
хранение	278991	19521	6	5	5.03
одна	278991	19521	61	15	4.93
–	278991	19521	785	86	4.89
нужна	278991	19521	35	11	4.84
Бога	278991	19521	77	17	4.84
души	278991	19521	77	17	4.84
начинает	278991	19521	55	14	4.83
Писании	278991	19521	14	7	4.77
которым	278991	19521	42	12	4.76
образом	278991	19521	201	31	4.74
умом	278991	19521	10	6	4.73
Святитель	278991	19521	10	6	4.73
сторона	278991	19521	19	8	4.71
закона	278991	19521	57	14	4.64
намерениям	278991	19521	4	4	4.62
пренебрежение	278991	19521	4	4	4.62
диктовали	278991	19521	4	4	4.62
(Ев	278991	19521	4	4	4.62
чуткости	278991	19521	4	4	4.62
Некоторый	278991	19521	4	4	4.62
почек»	278991	19521	4	4	4.62
А ещё	278991	19521	4	4	4.62
бомбу	278991	19521	4	4	4.62
отцы	278991	19521	4	4	4.62
нечистой	278991	19521	4	4	4.62
испытывал	278991	19521	4	4	4.62
обвиняющие	278991	19521	4	4	4.62
Чистая	278991	19521	4	4	4.62
библейской	278991	19521	4	4	4.62
ума	278991	19521	25	9	4.59
каждого	278991	19521	65	15	4.59
написано	278991	19521	15	7	4.53
апостол	278991	19521	15	7	4.53
нравственное	278991	19521	20	8	4.52
чистоты	278991	19521	7	5	4.52
мертвых	278991	19521	7	5	4.52
учений	278991	19521	7	5	4.52
послании	278991	19521	7	5	4.52
Йешилдал	278991	19521	7	5	4.52
лукавая	278991	19521	7	5	4.52
требований	278991	19521	11	6	4.42
внешнему	278991	19521	11	6	4.42
нашу	278991	19521	21	8	4.34
внутренний	278991	19521	76	16	4.34
понятие	278991	19521	76	16	4.34
прислушиваться	278991	19521	16	7	4.31
часто	278991	19521	110	20	4.30
отсутствие	278991	19521	27	9	4.29
считает	278991	19521	40	11	4.26
Если	278991	19521	275	37	4.22
вины	278991	19521	95	18	4.17
выражает	278991	19521	12	6	4.15
честь	278991	19521	8	5	4.12
правильного	278991	19521	8	5	4.12
христианстве	278991	19521	8	5	4.12
Является	278991	19521	8	5	4.12
становится	278991	19521	88	17	4.09
совершенно	278991	19521	64	14	4.07
Есть	278991	19521	43	11	3.95
проповеди	278991	19521	5	4	3.95
страстями	278991	19521	5	4	3.95
падения	278991	19521	5	4	3.95
Изучением	278991	19521	5	4	3.95
обнаруживают	278991	19521	5	4	3.95
временной	278991	19521	5	4	3.95
Сократа	278991	19521	5	4	3.95
(греч	278991	19521	5	4	3.95
схоластической	278991	19521	5	4	3.95
божественный	278991	19521	5	4	3.95
«муки	278991	19521	5	4	3.95
Три	278991	19521	5	4	3.95
заблуждения	278991	19521	5	4	3.95
сожженной	278991	19521	5	4	3.95
попирает	278991	19521	5	4	3.95
гордыни	278991	19521	5	4	3.95
кричит	278991	19521	5	4	3.95
оправдывающие	278991	19521	5	4	3.95
долг	278991	19521	5	4	3.95
коллективной	278991	19521	5	4	3.95
Храни	278991	19521	5	4	3.95
нашей	278991	19521	82	16	3.94
слышать	278991	19521	13	6	3.92
плод	278991	19521	13	6	3.92
проявление	278991	19521	24	8	3.88
анализ	278991	19521	24	8	3.88
испытывать	278991	19521	24	8	3.88
перед	278991	19521	137	22	3.85
формируется	278991	19521	52	12	3.81
Библии	278991	19521	9	5	3.80
твоя	278991	19521	9	5	3.80
удовлетворения	278991	19521	19	7	3.76
силой	278991	19521	25	8	3.74
личной	278991	19521	25	8	3.74
Феофан	278991	19521	25	8	3.74
который	278991	19521	281	36	3.74
выше	278991	19521	46	11	3.68
действие	278991	19521	46	11	3.68
объясняет	278991	19521	26	8	3.61
избавиться	278991	19521	26	8	3.61
такая	278991	19521	20	7	3.61
поступки	278991	19521	115	19	3.59
человеческой	278991	19521	40	10	3.57
чистоту	278991	19521	10	5	3.53
причём	278991	19521	10	5	3.53
практическим	278991	19521	10	5	3.53
отмечает	278991	19521	10	5	3.53
Таким	278991	19521	72	14	3.52
современном	278991	19521	15	6	3.51
элемент	278991	19521	15	6	3.51
оправдывают	278991	19521	6	4	3.51
проявлением	278991	19521	6	4	3.51
совершенствоваться	278991	19521	6	4	3.51
Сенека	278991	19521	6	4	3.51
долга	278991	19521	6	4	3.51
иврите	278991	19521	6	4	3.51
Махир	278991	19521	6	4	3.51
берется	278991	19521	6	4	3.51
Формирование	278991	19521	6	4	3.51
интегральной	278991	19521	6	4	3.51
грех	278991	19521	56	12	3.50
самости	278991	19521	27	8	3.49
Нагорной	278991	19521	3	3	3.47
(глазу)	278991	19521	3	3	3.47
примириться	278991	19521	3	3	3.47
отличительное	278991	19521	3	3	3.47
другую»	278991	19521	3	3	3.47
свидетельству	278991	19521	3	3	3.47
засвидетельствует	278991	19521	3	3	3.47
добродетельную	278991	19521	3	3	3.47
,омраченный	278991	19521	3	3	3.47
писанным	278991	19521	3	3	3.47
утратили	278991	19521	3	3	3.47
предал	278991	19521	3	3	3.47
повторные	278991	19521	3	3	3.47
омрачают	278991	19521	3	3	3.47
душевными	278991	19521	3	3	3.47
Внимательное	278991	19521	3	3	3.47
волевая	278991	19521	3	3	3.47
наблюдаем	278991	19521	3	3	3.47
осуществлением	278991	19521	3	3	3.47
Несомненно	278991	19521	3	3	3.47
стоящей	278991	19521	3	3	3.47
запятнавшему	278991	19521	3	3	3.47
навеки	278991	19521	3	3	3.47
взращивать	278991	19521	3	3	3.47
нелегко	278991	19521	3	3	3.47
непреложный	278991	19521	3	3	3.47
указатель	278991	19521	3	3	3.47
наклонностями	278991	19521	3	3	3.47
живую	278991	19521	3	3	3.47
силлогизмом	278991	19521	3	3	3.47
мацпэн	278991	19521	3	3	3.47
компасу	278991	19521	3	3	3.47
живущий	278991	19521	3	3	3.47
гласом	278991	19521	3	3	3.47
общественная	278991	19521	3	3	3.47
сбросивший	278991	19521	3	3	3.47
разбудить	278991	19521	3	3	3.47
“от	278991	19521	3	3	3.47
дел”	278991	19521	3	3	3.47
порокам	278991	19521	3	3	3.47
попирая	278991	19521	3	3	3.47
сжигает	278991	19521	3	3	3.47
примирение	278991	19521	3	3	3.47
судьей	278991	19521	3	3	3.47
(1Пт	278991	19521	3	3	3.47
личная	278991	19521	3	3	3.47
пробудилась	278991	19521	3	3	3.47
нужна]Если	278991	19521	3	3	3.47
чрезмерно	278991	19521	3	3	3.47
делать	278991	19521	110	18	3.39
свойством	278991	19521	28	8	3.38
служит	278991	19521	28	8	3.38
другими	278991	19521	58	12	3.36
Наличие	278991	19521	16	6	3.34
Ибо	278991	19521	16	6	3.34
действовать	278991	19521	43	10	3.31
видим	278991	19521	29	8	3.27
прямо	278991	19521	29	8	3.27
свободы	278991	19521	29	8	3.27
радости	278991	19521	17	6	3.18
главным	278991	19521	17	6	3.18
учение	278991	19521	17	6	3.18
отчетливо	278991	19521	7	4	3.17
поступали	278991	19521	7	4	3.17
яркий	278991	19521	7	4	3.17
природным	278991	19521	7	4	3.17
наблюдение	278991	19521	7	4	3.17
наличием	278991	19521	7	4	3.17
выгодно	278991	19521	7	4	3.17
понуждает	278991	19521	7	4	3.17
благодатной	278991	19521	7	4	3.17
взросления	278991	19521	7	4	3.17
очистить	278991	19521	7	4	3.17
терзания	278991	19521	7	4	3.17
удовлетворению	278991	19521	7	4	3.17
ошибки	278991	19521	30	8	3.17
нравственности	278991	19521	45	10	3.15
взаимоотношения	278991	19521	12	5	3.10
Стыд	278991	19521	12	5	3.10
судит	278991	19521	12	5	3.10
Черчланд	278991	19521	12	5	3.10
источник	278991	19521	18	6	3.04
точки	278991	19521	90	15	3.03
оценивать	278991	19521	39	9	3.02
поступать	278991	19521	25	7	2.97
действительно	278991	19521	40	9	2.94
правильно	278991	19521	40	9	2.94
зрения	278991	19521	121	18	2.93
вере	278991	19521	13	5	2.92
говорил	278991	19521	19	6	2.91
причине	278991	19521	19	6	2.91
свидетельствуют	278991	19521	8	4	2.90
наказывает	278991	19521	8	4	2.90
Павла	278991	19521	8	4	2.90
религиозной	278991	19521	8	4	2.90
Святого	278991	19521	8	4	2.90
испытывают	278991	19521	8	4	2.90
сожалеть	278991	19521	4	3	2.89
называемый	278991	19521	4	3	2.89
нечиста	278991	19521	4	3	2.89
повествует	278991	19521	4	3	2.89
перестал	278991	19521	4	3	2.89
ежедневных	278991	19521	4	3	2.89
побуждала	278991	19521	4	3	2.89
заслуживающие	278991	19521	4	3	2.89
действуя	278991	19521	4	3	2.89
Обращаясь	278991	19521	4	3	2.89
волевое	278991	19521	4	3	2.89
грешному	278991	19521	4	3	2.89
обреченным	278991	19521	4	3	2.89
Злая	278991	19521	4	3	2.89
палача	278991	19521	4	3	2.89
самоудовлетворенности	278991	19521	4	3	2.89
Фома	278991	19521	4	3	2.89
Гитлер	278991	19521	4	3	2.89
глас	278991	19521	4	3	2.89
Суперэго	278991	19521	4	3	2.89
порочной	278991	19521	4	3	2.89
Лукавая	278991	19521	4	3	2.89
своей»	278991	19521	4	3	2.89
крик	278991	19521	4	3	2.89
Честь	278991	19521	4	3	2.89
развитой	278991	19521	4	3	2.89
совесть)	278991	19521	4	3	2.89
искаженная	278991	19521	4	3	2.89
Чернавин	278991	19521	4	3	2.89
стороны	278991	19521	93	15	2.89
жизни	278991	19521	316	36	2.89
стыд	278991	19521	33	8	2.89
внутреннее	278991	19521	33	8	2.89
чувством	278991	19521	34	8	2.80
отношениях	278991	19521	20	6	2.78
нравственный	278991	19521	27	7	2.77
Божиим	278991	19521	14	5	2.76
инстинктов	278991	19521	14	5	2.76
путь	278991	19521	51	10	2.74
моральных	278991	19521	35	8	2.72
имеет	278991	19521	158	21	2.71
люди	278991	19521	191	24	2.69
Когда	278991	19521	98	15	2.68
слышит	278991	19521	9	4	2.68
справедливость	278991	19521	9	4	2.68
волей	278991	19521	9	4	2.68
стороне	278991	19521	9	4	2.68
иная	278991	19521	9	4	2.68
веру	278991	19521	9	4	2.68
словами	278991	19521	52	10	2.68
говорится	278991	19521	21	6	2.67
будет	278991	19521	203	25	2.66
значит	278991	19521	89	14	2.65
формирование	278991	19521	36	8	2.64
Однако	278991	19521	99	15	2.64
находит	278991	19521	15	5	2.61
всякого	278991	19521	15	5	2.61
ясности	278991	19521	15	5	2.61
правильный	278991	19521	15	5	2.61
отметить	278991	19521	15	5	2.61
дух	278991	19521	29	7	2.59
нравственных	278991	19521	29	7	2.59
разум	278991	19521	45	9	2.58
силы	278991	19521	37	8	2.57
Подобные	278991	19521	22	6	2.56
философских	278991	19521	22	6	2.56
называет	278991	19521	22	6	2.56
Божией	278991	19521	22	6	2.56
необходимо	278991	19521	63	11	2.56
наименование	278991	19521	5	3	2.53
зверь	278991	19521	5	3	2.53
похвалы	278991	19521	5	3	2.53
бессмертия	278991	19521	5	3	2.53
познавательная	278991	19521	5	3	2.53
воздействует	278991	19521	5	3	2.53
доводов	278991	19521	5	3	2.53
волевой	278991	19521	5	3	2.53
неисполнение	278991	19521	5	3	2.53
очищению	278991	19521	5	3	2.53
таинствах	278991	19521	5	3	2.53
причастия	278991	19521	5	3	2.53
руководит	278991	19521	5	3	2.53
слезы	278991	19521	5	3	2.53
Нужна	278991	19521	5	3	2.53
ложной	278991	19521	5	3	2.53
безусловный	278991	19521	5	3	2.53
церкви	278991	19521	5	3	2.53
отводится	278991	19521	5	3	2.53
анализе	278991	19521	5	3	2.53
корень	278991	19521	5	3	2.53
мацпун	278991	19521	5	3	2.53
доцент	278991	19521	5	3	2.53
описывал	278991	19521	5	3	2.53
внимательными	278991	19521	5	3	2.53
спокойной	278991	19521	5	3	2.53
заблуждение	278991	19521	5	3	2.53
исправлять	278991	19521	5	3	2.53
свидетеля	278991	19521	5	3	2.53
эгоизмом	278991	19521	5	3	2.53
пробуждение	278991	19521	5	3	2.53
удовлетворять	278991	19521	5	3	2.53
учениям	278991	19521	5	3	2.53
Небесами	278991	19521	5	3	2.53
Голос	278991	19521	5	3	2.53
Каким	278991	19521	5	3	2.53
законодателя	278991	19521	5	3	2.53
зависит	278991	19521	46	9	2.52
обладает	278991	19521	55	10	2.50
стоит	278991	19521	30	7	2.50
первый	278991	19521	30	7	2.50
явлений	278991	19521	38	8	2.50
судья	278991	19521	10	4	2.49
доброй	278991	19521	10	4	2.49
подробно	278991	19521	16	5	2.48
нравственного	278991	19521	39	8	2.43
Божия	278991	19521	31	7	2.42
основных	278991	19521	31	7	2.42
всегда	278991	19521	147	19	2.41
законам	278991	19521	24	6	2.37
лежит	278991	19521	17	5	2.36
Господь	278991	19521	32	7	2.35
вида	278991	19521	32	7	2.35
ибо	278991	19521	49	9	2.34
того	278991	19521	346	36	2.33
убедить	278991	19521	11	4	2.32
называть	278991	19521	11	4	2.32
Впрочем	278991	19521	11	4	2.32
основным	278991	19521	11	4	2.32
совесть —	278991	19521	11	4	2.32
способна	278991	19521	11	4	2.32
страстей	278991	19521	11	4	2.32
сильнее	278991	19521	11	4	2.32
совершил	278991	19521	11	4	2.32
противиться	278991	19521	2	2	2.31
(Мк	278991	19521	2	2	2.31
образно	278991	19521	2	2	2.31
Когтистый	278991	19521	2	2	2.31
Незваный	278991	19521	2	2	2.31
гость	278991	19521	2	2	2.31
докучный	278991	19521	2	2	2.31
Заимодавец	278991	19521	2	2	2.31
грубый	278991	19521	2	2	2.31
ведьма	278991	19521	2	2	2.31
изобразил	278991	19521	2	2	2.31
жалок	278991	19521	2	2	2.31
доверяем	278991	19521	2	2	2.31
выявляет	278991	19521	2	2	2.31
приведем	278991	19521	2	2	2.31
делаются	278991	19521	2	2	2.31
нестерпимыми	278991	19521	2	2	2.31
Иуде-предателе	278991	19521	2	2	2.31
повесился	278991	19521	2	2	2.31
невинность	278991	19521	2	2	2.31
опору	278991	19521	2	2	2.31
надежды	278991	19521	2	2	2.31
дел»	278991	19521	2	2	2.31
Пословицы	278991	19521	2	2	2.31
сильны	278991	19521	2	2	2.31
«внутренний	278991	19521	2	2	2.31
персоналом	278991	19521	2	2	2.31
Представить	278991	19521	2	2	2.31
этико-религиозными	278991	19521	2	2	2.31
Ближайшим	278991	19521	2	2	2.31
служило	278991	19521	2	2	2.31
трагиков	278991	19521	2	2	2.31
Демон	278991	19521	2	2	2.31
касались	278991	19521	2	2	2.31
оракула	278991	19521	2	2	2.31
указал	278991	19521	2	2	2.31
Эпиктет	278991	19521	2	2	2.31
ближних	278991	19521	2	2	2.31
встречаемся	278991	19521	2	2	2.31
XIII	278991	19521	2	2	2.31
έτέρου)	278991	19521	2	2	2.31
разумеет	278991	19521	2	2	2.31
заслоняют	278991	19521	2	2	2.31
изредка	278991	19521	2	2	2.31
упоминание	278991	19521	2	2	2.31
изображал	278991	19521	2	2	2.31
указывал	278991	19521	2	2	2.31
Пелагия	278991	19521	2	2	2.31
противника	278991	19521	2	2	2.31
блаженного	278991	19521	2	2	2.31
Августина	278991	19521	2	2	2.31
казуистическому	278991	19521	2	2	2.31
служили	278991	19521	2	2	2.31
прямо-таки	278991	19521	2	2	2.31
затемняли	278991	19521	2	2	2.31
засоряли	278991	19521	2	2	2.31
рассмотрению	278991	19521	2	2	2.31
изображена	278991	19521	2	2	2.31
изменчивое	278991	19521	2	2	2.31
условное	278991	19521	2	2	2.31
синдерезиса)	278991	19521	2	2	2.31
потенцией	278991	19521	2	2	2.31
Подробный	278991	19521	2	2	2.31
Антонина	278991	19521	2	2	2.31
Флоренции	278991	19521	2	2	2.31
схоластическую	278991	19521	2	2	2.31
(синдерезис	278991	19521	2	2	2.31
эпоха	278991	19521	2	2	2.31
реформация	278991	19521	2	2	2.31
разрушала	278991	19521	2	2	2.31
созидая	278991	19521	2	2	2.31
стройной	278991	19521	2	2	2.31
Меланхтона	278991	19521	2	2	2.31
сравнивающего	278991	19521	2	2	2.31
посылка —	278991	19521	2	2	2.31
«скрытое»	278991	19521	2	2	2.31
(«компас»)	278991	19521	2	2	2.31
вредит	278991	19521	2	2	2.31
республиканца	278991	19521	2	2	2.31
монархиста	278991	19521	2	2	2.31
Адольф	278991	19521	2	2	2.31
на чём	278991	19521	2	2	2.31
её антиподом	278991	19521	2	2	2.31
можно ли	278991	19521	2	2	2.31
изобразить	278991	19521	2	2	2.31
имя —	278991	19521	2	2	2.31
и продолжается	278991	19521	2	2	2.31
В основном	278991	19521	2	2	2.31
и условий	278991	19521	2	2	2.31
С этой	278991	19521	2	2	2.31
от сочетания	278991	19521	2	2	2.31
Иззи	278991	19521	2	2	2.31
Калман	278991	19521	2	2	2.31
зеркальных	278991	19521	2	2	2.31
И после	278991	19521	2	2	2.31
не испытывает	278991	19521	2	2	2.31
и «плохо»	278991	19521	2	2	2.31
внутри нет	278991	19521	2	2	2.31
Низкая	278991	19521	2	2	2.31
и беспокойство	278991	19521	2	2	2.31
по этому	278991	19521	2	2	2.31
на который	278991	19521	2	2	2.31
и саморегуляция	278991	19521	2	2	2.31
ночь	278991	19521	2	2	2.31
в угрызениях	278991	19521	2	2	2.31
сорванной	278991	19521	2	2	2.31
в будущем	278991	19521	2	2	2.31
в похожей	278991	19521	2	2	2.31
об изменении	278991	19521	2	2	2.31
Комаров	278991	19521	2	2	2.31
провоцировать	278991	19521	2	2	2.31
и положительные	278991	19521	2	2	2.31
и негативные	278991	19521	2	2	2.31
мы проходим	278991	19521	2	2	2.31
«секьюрити»	278991	19521	2	2	2.31
и чувствуем	278991	19521	2	2	2.31
то испытываем	278991	19521	2	2	2.31
искупление	278991	19521	2	2	2.31
снимаем	278991	19521	2	2	2.31
в дискомфортных	278991	19521	2	2	2.31
эмоциях —	278991	19521	2	2	2.31
— пробуждается	278991	19521	2	2	2.31
концепт	278991	19521	2	2	2.31
философ-экзистенциалист	278991	19521	2	2	2.31
Хайдеггер	278991	19521	2	2	2.31
значимую	278991	19521	2	2	2.31
к своему	278991	19521	2	2	2.31
по Хайдеггеру	278991	19521	2	2	2.31
он потенциально	278991	19521	2	2	2.31
нравственен	278991	19521	2	2	2.31
и свободен	278991	19521	2	2	2.31
Но при	278991	19521	2	2	2.31
плюсах	278991	19521	2	2	2.31
и навредить	278991	19521	2	2	2.31
антиподом	278991	19521	2	2	2.31
Можно ли	278991	19521	2	2	2.31
на свою	278991	19521	2	2	2.31
На трансформации	278991	19521	2	2	2.31
подход —	278991	19521	2	2	2.31
морально-восстановительная	278991	19521	2	2	2.31
(MRT)	278991	19521	2	2	2.31
и в вопросах	278991	19521	2	2	2.31
запечатленное	278991	19521	2	2	2.31
святым	278991	19521	2	2	2.31
крещением	278991	19521	2	2	2.31
последованием	278991	19521	2	2	2.31
приходе	278991	19521	2	2	2.31
Хиросиму	278991	19521	2	2	2.31
лобная	278991	19521	2	2	2.31
Утверждая	278991	19521	2	2	2.31
Правмире	278991	19521	2	2	2.31
сделки	278991	19521	2	2	2.31
судящей	278991	19521	2	2	2.31
мнительная	278991	19521	2	2	2.31
невнимателен	278991	19521	2	2	2.31
очерствевает	278991	19521	2	2	2.31
раскрыл	278991	19521	2	2	2.31
отрадные	278991	19521	2	2	2.31
предотвратить	278991	19521	2	2	2.31
суеверные	278991	19521	2	2	2.31
Преданиии	278991	19521	2	2	2.31
лицемерии	278991	19521	2	2	2.31
лжеучителях	278991	19521	2	2	2.31
Удовлетворение	278991	19521	2	2	2.31
обличений	278991	19521	2	2	2.31
Божества	278991	19521	2	2	2.31
бесовским	278991	19521	2	2	2.31
лжесловесников	278991	19521	2	2	2.31
сожженных	278991	19521	2	2	2.31
сгорает	278991	19521	2	2	2.31
неудовлетворенной	278991	19521	2	2	2.31
муках	278991	19521	2	2	2.31
выхода	278991	19521	2	2	2.31
сжигании	278991	19521	2	2	2.31
сжигания	278991	19521	2	2	2.31
некоторому	278991	19521	2	2	2.31
слепое	278991	19521	2	2	2.31
подчинение	278991	19521	2	2	2.31
антисоциальном	278991	19521	2	2	2.31
почувствовал	278991	19521	2	2	2.31
сожженные	278991	19521	2	2	2.31
«своей»	278991	19521	2	2	2.31
ужасным	278991	19521	2	2	2.31
бьет	278991	19521	2	2	2.31
Христианину	278991	19521	2	2	2.31
проступков	278991	19521	2	2	2.31
восприимчивой	278991	19521	2	2	2.31
двигать	278991	19521	2	2	2.31
разоблачения	278991	19521	2	2	2.31
чиста»	278991	19521	2	2	2.31
порицает	278991	19521	2	2	2.31
взрослой	278991	19521	2	2	2.31
индикатором	278991	19521	2	2	2.31
Фромм	278991	19521	2	2	2.31
авторитарную	278991	19521	2	2	2.31
гуманистическую	278991	19521	2	2	2.31
договариваться	278991	19521	2	2	2.31
Кому-то	278991	19521	2	2	2.31
Консервативная	278991	19521	2	2	2.31
утолить	278991	19521	2	2	2.31
«голод»	278991	19521	2	2	2.31
пробуждении	278991	19521	2	2	2.31
хороша	278991	19521	2	2	2.31
системная	278991	19521	2	2	2.31
Интегральная	278991	19521	2	2	2.31
трансцендентная	278991	19521	2	2	2.31
Запишитесь	278991	19521	2	2	2.31
онлайн-консультацию	278991	19521	2	2	2.31
сдерживающим	278991	19521	2	2	2.31
нормальное	278991	19521	2	2	2.31
велениям	278991	19521	2	2	2.31
Тестирование	278991	19521	2	2	2.31
повествованиях	278991	19521	2	2	2.31
сопернику	278991	19521	2	2	2.31
другую”	278991	19521	2	2	2.31
исходной	278991	19521	2	2	2.31
афоризм	278991	19521	2	2	2.31
глубинная	278991	19521	2	2	2.31
«Наличие	278991	19521	2	2	2.31
в борьбе	278991	19521	2	2	2.31
за выживание	278991	19521	2	2	2.31
Из сказанного	278991	19521	2	2	2.31
Искажение	278991	19521	2	2	2.31
Скрупулёзность	278991	19521	2	2	2.31
Благо	278991	19521	2	2	2.31
занятиям	278991	19521	2	2	2.31
заглушается	278991	19521	2	2	2.31
слабеет	278991	19521	2	2	2.31
неверно	278991	19521	2	2	2.31
нападает	278991	19521	2	2	2.31
страшливость	278991	19521	2	2	2.31
(скрупулезность)	278991	19521	2	2	2.31
заблуждающаяся	278991	19521	2	2	2.31
вразумляется	278991	19521	2	2	2.31
злато	278991	19521	2	2	2.31
натачивается	278991	19521	2	2	2.31
безукоризненною	278991	19521	2	2	2.31
сие-то	278991	19521	2	2	2.31
неправости	278991	19521	2	2	2.31
хватило	278991	19521	2	2	2.31
прокурора	278991	19521	2	2	2.31
отношении	278991	19521	59	10	2.30
душу	278991	19521	25	6	2.28
тех	278991	19521	89	13	2.26
поэтому	278991	19521	79	12	2.26
врожденное	278991	19521	6	3	2.26
письменный	278991	19521	6	3	2.26
облегчения	278991	19521	6	3	2.26
страдали	278991	19521	6	3	2.26
проявлениях	278991	19521	6	3	2.26
обнаруживаются	278991	19521	6	3	2.26
Возникновение	278991	19521	6	3	2.26
возникнет	278991	19521	6	3	2.26
изображения	278991	19521	6	3	2.26
Божьим	278991	19521	6	3	2.26
фильтр	278991	19521	6	3	2.26
добрую	278991	19521	6	3	2.26
моральное	278991	19521	6	3	2.26
лицемерие	278991	19521	6	3	2.26
страдают	278991	19521	6	3	2.26
развита	278991	19521	6	3	2.26
твоей	278991	19521	6	3	2.26
испытание	278991	19521	6	3	2.26
услышать	278991	19521	18	5	2.25
закону	278991	19521	18	5	2.25
Поэтому	278991	19521	90	13	2.23
жить	278991	19521	52	9	2.18
занимается	278991	19521	12	4	2.18
Обычно	278991	19521	12	4	2.18
свободу	278991	19521	12	4	2.18
сохранить	278991	19521	12	4	2.18
ребенка	278991	19521	62	10	2.16
понятиями	278991	19521	19	5	2.15
Ницше	278991	19521	19	5	2.15
способность	278991	19521	157	19	2.15
проявления	278991	19521	27	6	2.12
вызывает	278991	19521	27	6	2.12
Человек	278991	19521	84	12	2.08
страх	278991	19521	45	8	2.07
суд	278991	19521	20	5	2.06
совершает	278991	19521	20	5	2.06
глубоко	278991	19521	20	5	2.06
изначально	278991	19521	13	4	2.05
еще	278991	19521	150	18	2.05
Священном	278991	19521	7	3	2.05
силами	278991	19521	7	3	2.05
волею	278991	19521	7	3	2.05
обычной	278991	19521	7	3	2.05
исповеди	278991	19521	7	3	2.05
словаре	278991	19521	7	3	2.05
показатель	278991	19521	7	3	2.05
ошибаться	278991	19521	7	3	2.05
понятию	278991	19521	7	3	2.05
важен	278991	19521	7	3	2.05
вызывая	278991	19521	7	3	2.05
благо	278991	19521	7	3	2.05
авторитету	278991	19521	7	3	2.05
важнее	278991	19521	7	3	2.05
проявляет	278991	19521	7	3	2.05
сохранять	278991	19521	7	3	2.05
присущи	278991	19521	7	3	2.05
Надо	278991	19521	7	3	2.05
искажения	278991	19521	7	3	2.05
точкой	278991	19521	7	3	2.05
требованиями	278991	19521	7	3	2.05
Святогорец	278991	19521	7	3	2.05
покаянием	278991	19521	7	3	2.05
страха	278991	19521	37	7	2.02
Из	278991	19521	29	6	1.98
связана	278991	19521	29	6	1.98
играет	278991	19521	29	6	1.98
стать	278991	19521	29	6	1.98
говорят	278991	19521	47	8	1.97
иметь	278991	19521	47	8	1.97
воля	278991	19521	21	5	1.97
рассматривается	278991	19521	21	5	1.97
нравственной	278991	19521	21	5	1.97
живет	278991	19521	21	5	1.97
людьми	278991	19521	57	9	1.95
Не	278991	19521	88	12	1.94
признать	278991	19521	14	4	1.94
интуитивизма	278991	19521	14	4	1.94
, —	278991	19521	14	4	1.94
жизненных	278991	19521	14	4	1.94
очевидно	278991	19521	14	4	1.94
пред	278991	19521	14	4	1.94
простыми	278991	19521	14	4	1.94
происхождения	278991	19521	14	4	1.94
сердца	278991	19521	30	6	1.91
возникают	278991	19521	30	6	1.91
свойство	278991	19521	58	9	1.91
морали	278991	19521	39	7	1.91
чувствовать	278991	19521	22	5	1.89
заставляет	278991	19521	22	5	1.89
самостоятельно	278991	19521	22	5	1.89
слова	278991	19521	90	12	1.88
три	278991	19521	49	8	1.88
награждает	278991	19521	8	3	1.87
хотите	278991	19521	8	3	1.87
подсознательно	278991	19521	8	3	1.87
приятно	278991	19521	8	3	1.87
безнаказанно	278991	19521	8	3	1.87
чувствительности	278991	19521	8	3	1.87
Христова	278991	19521	8	3	1.87
следовать	278991	19521	8	3	1.87
различает	278991	19521	8	3	1.87
трёх	278991	19521	8	3	1.87
естественного	278991	19521	8	3	1.87
вывести	278991	19521	8	3	1.87
фактором	278991	19521	8	3	1.87
страсть	278991	19521	8	3	1.87
важный	278991	19521	8	3	1.87
обрести	278991	19521	8	3	1.87
Феномен	278991	19521	8	3	1.87
наличие	278991	19521	59	9	1.87
тонкое	278991	19521	3	2	1.86
грешников	278991	19521	3	2	1.86
собеседник	278991	19521	3	2	1.86
светская	278991	19521	3	2	1.86
свидетельстве	278991	19521	3	2	1.86
непоколебимую	278991	19521	3	2	1.86
обособленной	278991	19521	3	2	1.86
полному	278991	19521	3	2	1.86
источниках	278991	19521	3	2	1.86
производное	278991	19521	3	2	1.86
надобности	278991	19521	3	2	1.86
предписаний	278991	19521	3	2	1.86
«Угрызения	278991	19521	3	2	1.86
пропорциональны	278991	19521	3	2	1.86
добродетелям	278991	19521	3	2	1.86
менялось	278991	19521	3	2	1.86
греческой	278991	19521	3	2	1.86
демона	278991	19521	3	2	1.86
напоминают	278991	19521	3	2	1.86
апостола	278991	19521	3	2	1.86
заговорил	278991	19521	3	2	1.86
неоднократно	278991	19521	3	2	1.86
неподкупного	278991	19521	3	2	1.86
достаточный	278991	19521	3	2	1.86
вращается	278991	19521	3	2	1.86
рассматривающих	278991	19521	3	2	1.86
коллизии	278991	19521	3	2	1.86
отметили	278991	19521	3	2	1.86
правах	278991	19521	3	2	1.86
Шопенгауэр	278991	19521	3	2	1.86
вводит	278991	19521	3	2	1.86
Условно	278991	19521	3	2	1.86
у таких	278991	19521	3	2	1.86
рождают	278991	19521	3	2	1.86
пережив	278991	19521	3	2	1.86
личную	278991	19521	3	2	1.86
правоту	278991	19521	3	2	1.86
Немецкий	278991	19521	3	2	1.86
Мартин	278991	19521	3	2	1.86
основан	278991	19521	3	2	1.86
действовала	278991	19521	3	2	1.86
Святым	278991	19521	3	2	1.86
богословии	278991	19521	3	2	1.86
Учение	278991	19521	3	2	1.86
исцеляет	278991	19521	3	2	1.86
возвышается	278991	19521	3	2	1.86
индивидуальная	278991	19521	3	2	1.86
пройдут	278991	19521	3	2	1.86
Петра	278991	19521	3	2	1.86
идолов	278991	19521	3	2	1.86
правильными	278991	19521	3	2	1.86
:18)	278991	19521	3	2	1.86
причинять	278991	19521	3	2	1.86
Владимира	278991	19521	3	2	1.86
Даля	278991	19521	3	2	1.86
матрицы	278991	19521	3	2	1.86
святитель	278991	19521	3	2	1.86
страстям	278991	19521	3	2	1.86
искажений	278991	19521	3	2	1.86
терзаний	278991	19521	3	2	1.86
усыпления	278991	19521	3	2	1.86
Сочувствие	278991	19521	3	2	1.86
лукавой	278991	19521	3	2	1.86
мало-помалу	278991	19521	3	2	1.86
духам	278991	19521	3	2	1.86
обольстителям	278991	19521	3	2	1.86
внушениям	278991	19521	3	2	1.86
обличала	278991	19521	3	2	1.86
сформировала	278991	19521	3	2	1.86
усваивать	278991	19521	3	2	1.86
отвечающую	278991	19521	3	2	1.86
моральному	278991	19521	3	2	1.86
стимулами	278991	19521	3	2	1.86
расстройстве	278991	19521	3	2	1.86
добрая	278991	19521	3	2	1.86
испытал	278991	19521	3	2	1.86
Талмуде	278991	19521	3	2	1.86
«успокоить»	278991	19521	3	2	1.86
терпит	278991	19521	3	2	1.86
сделанное	278991	19521	3	2	1.86
подавляет	278991	19521	3	2	1.86
(1Кр	278991	19521	3	2	1.86
согрешает	278991	19521	3	2	1.86
определяли	278991	19521	3	2	1.86
Даль	278991	19521	3	2	1.86
грызет	278991	19521	3	2	1.86
разделяет	278991	19521	3	2	1.86
поощрения	278991	19521	3	2	1.86
глупость	278991	19521	3	2	1.86
мучила	278991	19521	3	2	1.86
едино	278991	19521	3	2	1.86
помогала	278991	19521	3	2	1.86
предкам	278991	19521	3	2	1.86
«Чем	278991	19521	3	2	1.86
живущего	278991	19521	3	2	1.86
подтверждает	278991	19521	3	2	1.86
Мыслители	278991	19521	3	2	1.86
правой	278991	19521	3	2	1.86
проступка	278991	19521	3	2	1.86
господином	278991	19521	3	2	1.86
трансцендентного	278991	19521	3	2	1.86
эры	278991	19521	3	2	1.86
«Для	278991	19521	3	2	1.86
остатки	278991	19521	3	2	1.86
гражданина	278991	19521	3	2	1.86
восстановлении	278991	19521	3	2	1.86
огнем	278991	19521	3	2	1.86
первоначальная	278991	19521	3	2	1.86
попрание	278991	19521	3	2	1.86
очерствевшей	278991	19521	3	2	1.86
покрывается	278991	19521	3	2	1.86
Никодим	278991	19521	3	2	1.86
испытании	278991	19521	3	2	1.86
вечером	278991	19521	3	2	1.86
настоящая	278991	19521	3	2	1.86
бывает	278991	19521	40	7	1.85
общество	278991	19521	31	6	1.85
нельзя	278991	19521	91	12	1.85
чувств	278991	19521	70	10	1.84
несколько	278991	19521	70	10	1.84
идти	278991	19521	15	4	1.83
Духа	278991	19521	15	4	1.83
внутренними	278991	19521	15	4	1.83
роль	278991	19521	92	12	1.82
сколько	278991	19521	23	5	1.82
Развитие	278991	19521	23	5	1.82
совести	278991	19521	1026	84	1.81
сразу	278991	19521	41	7	1.81
мнению	278991	19521	41	7	1.81
почему	278991	19521	93	12	1.79
собственной	278991	19521	32	6	1.79
настолько	278991	19521	24	5	1.75
свет	278991	19521	24	5	1.75
Но	278991	19521	263	26	1.74
принято	278991	19521	16	4	1.74
поступками	278991	19521	16	4	1.74
стала	278991	19521	16	4	1.74
свобода	278991	19521	16	4	1.74
действиям	278991	19521	16	4	1.74
обществом	278991	19521	16	4	1.74
человеческого	278991	19521	84	11	1.74
больше	278991	19521	118	14	1.73
плохим	278991	19521	9	3	1.73
спастись	278991	19521	9	3	1.73
Примеры	278991	19521	9	3	1.73
Психологическая	278991	19521	9	3	1.73
раскаяние	278991	19521	9	3	1.73
естественным	278991	19521	9	3	1.73
возникновение	278991	19521	9	3	1.73
