token	corpus size	all contexts size	frequency	co-frequency	specificity
class	113687	18873	400	287	131.34
of	113687	18873	5049	1318	68.29
collective	113687	18873	103	78	39.10
the	113687	18873	5337	1165	24.22
level	113687	18873	63	43	19.00
Class	113687	18873	106	54	15.44
proletariat	113687	18873	114	56	15.08
theories	113687	18873	98	50	14.40
theory	113687	18873	129	59	14.07
its	113687	18873	305	101	12.09
phenomenal	113687	18873	43	28	11.84
altered	113687	18873	29	22	11.52
Marxian	113687	18873	28	21	10.86
levels	113687	18873	31	22	10.57
neural	113687	18873	47	28	10.50
raising	113687	18873	27	20	10.20
as	113687	18873	968	235	9.65
explaining	113687	18873	22	17	9.23
Empowering	113687	18873	11	11	8.58
sort	113687	18873	31	20	8.54
false	113687	18873	26	18	8.48
Economics	113687	18873	15	13	8.28
correlates	113687	18873	24	17	8.27
states	113687	18873	87	37	8.10
Proletariat	113687	18873	12	11	7.58
access	113687	18873	40	22	7.52
explain	113687	18873	48	24	7.10
‘false’	113687	18873	9	9	7.02
disorders	113687	18873	23	15	6.64
higher-order	113687	18873	18	13	6.60
bourgeoisie	113687	18873	51	24	6.49
can	113687	18873	363	97	6.45
brain	113687	18873	99	37	6.42
in	113687	18873	1986	408	6.31
concept	113687	18873	96	36	6.31
workspace	113687	18873	10	9	6.10
aspect	113687	18873	31	17	5.94
physical	113687	18873	58	25	5.86
Altered	113687	18873	15	11	5.76
historical	113687	18873	45	21	5.69
status	113687	18873	26	15	5.68
relevant	113687	18873	39	19	5.56
Collective	113687	18873	30	16	5.42
representational	113687	18873	9	8	5.36
possibility	113687	18873	19	12	5.21
quantum	113687	18873	25	14	5.14
meta-mental	113687	18873	14	10	5.11
patients	113687	18873	45	20	5.07
relation	113687	18873	29	15	4.91
struggle	113687	18873	46	20	4.90
qualitative	113687	18873	26	14	4.88
feature	113687	18873	23	13	4.87
types	113687	18873	27	14	4.64
measure	113687	18873	18	11	4.63
but	113687	18873	256	67	4.50
False	113687	18873	13	9	4.48
reality	113687	18873	38	17	4.46
forms	113687	18873	53	21	4.40
among	113687	18873	32	15	4.29
components	113687	18873	11	8	4.26
Marx	113687	18873	55	21	4.13
challenges	113687	18873	14	9	4.11
least	113687	18873	34	15	3.93
whole	113687	18873	34	15	3.93
gained	113687	18873	5	5	3.90
interpretable	113687	18873	5	5	3.90
verbal	113687	18873	12	8	3.86
concepts	113687	18873	21	11	3.82
awareness	113687	18873	119	35	3.71
information	113687	18873	67	23	3.68
objective	113687	18873	59	21	3.66
stream	113687	18873	10	7	3.62
some	113687	18873	153	42	3.60
psychological	113687	18873	44	17	3.55
terms	113687	18873	48	18	3.54
learning	113687	18873	13	8	3.52
proletarian	113687	18873	13	8	3.52
relations	113687	18873	16	9	3.51
role	113687	18873	82	26	3.47
development	113687	18873	37	15	3.46
problem	113687	18873	53	19	3.42
within	113687	18873	96	29	3.41
model	113687	18873	23	11	3.39
Higher	113687	18873	8	6	3.39
nature	113687	18873	66	22	3.37
various	113687	18873	38	15	3.32
dynamics	113687	18873	17	9	3.26
dialectical	113687	18873	17	9	3.26
contradiction	113687	18873	17	9	3.26
models	113687	18873	11	7	3.26
degrees	113687	18873	11	7	3.26
contradictions	113687	18873	11	7	3.26
functional	113687	18873	31	13	3.24
between	113687	18873	145	39	3.24
framework	113687	18873	14	8	3.23
causal	113687	18873	14	8	3.23
distinguishing	113687	18873	6	5	3.20
basis	113687	18873	28	12	3.14
question	113687	18873	73	23	3.13
physicalist	113687	18873	4	4	3.12
alter	113687	18873	4	4	3.12
lead	113687	18873	21	10	3.12
different	113687	18873	87	26	3.07
aspects	113687	18873	36	14	3.07
function	113687	18873	40	15	3.07
saw	113687	18873	9	6	2.99
impaired	113687	18873	9	6	2.99
behaviors	113687	18873	9	6	2.99
plays	113687	18873	15	8	2.98
produce	113687	18873	15	8	2.98
sorts	113687	18873	15	8	2.98
that	113687	18873	1376	264	2.97
fundamental	113687	18873	33	13	2.96
humans	113687	18873	33	13	2.96
evolution	113687	18873	12	7	2.95
brains	113687	18873	12	7	2.95
complexity	113687	18873	12	7	2.95
develop	113687	18873	22	10	2.93
two	113687	18873	67	21	2.89
how	113687	18873	137	36	2.88
lack	113687	18873	26	11	2.87
there	113687	18873	90	26	2.86
economic	113687	18873	64	20	2.77
several	113687	18873	23	10	2.77
normal	113687	18873	23	10	2.77
argued	113687	18873	47	16	2.75
working	113687	18873	47	16	2.75
Stream	113687	18873	7	5	2.73
Main	113687	18873	7	5	2.73
waves	113687	18873	7	5	2.73
arousal	113687	18873	27	11	2.73
social	113687	18873	150	38	2.72
processes	113687	18873	31	12	2.71
aim	113687	18873	13	7	2.70
has	113687	18873	263	60	2.69
quality	113687	18873	10	6	2.67
narrative	113687	18873	10	6	2.67
integrated	113687	18873	20	9	2.66
matter	113687	18873	28	11	2.59
using	113687	18873	28	11	2.59
position	113687	18873	32	12	2.58
understanding	113687	18873	85	24	2.58
achieve	113687	18873	17	8	2.56
animals	113687	18873	17	8	2.56
deep	113687	18873	17	8	2.56
with	113687	18873	628	126	2.53
"objective	113687	18873	5	4	2.50
Engels	113687	18873	5	4	2.50
epileptic	113687	18873	5	4	2.50
seven	113687	18873	5	4	2.50
Disorders	113687	18873	5	4	2.50
explananda	113687	18873	5	4	2.50
correlated	113687	18873	5	4	2.50
decisive	113687	18873	5	4	2.50
is	113687	18873	1779	327	2.48
limits	113687	18873	14	7	2.48
state	113687	18873	106	28	2.47
could	113687	18873	73	21	2.44
Despite	113687	18873	11	6	2.41
intentional	113687	18873	11	6	2.41
both	113687	18873	69	20	2.40
alienation	113687	18873	8	5	2.39
emergence	113687	18873	8	5	2.39
machine	113687	18873	8	5	2.39
exploitation	113687	18873	18	8	2.39
revolutionary	113687	18873	22	9	2.35
far	113687	18873	22	9	2.35
privacy	113687	18873	3	3	2.34
intricate	113687	18873	3	3	2.34
Within	113687	18873	3	3	2.34
alterations	113687	18873	3	3	2.34
difficulties	113687	18873	3	3	2.34
indicators	113687	18873	3	3	2.34
(IIT)	113687	18873	3	3	2.34
cerebral	113687	18873	3	3	2.34
advantage	113687	18873	3	3	2.34
minimal	113687	18873	3	3	2.34
continuous	113687	18873	3	3	2.34
(Rosenthal	113687	18873	3	3	2.34
(Carruthers	113687	18873	3	3	2.34
incomplete	113687	18873	3	3	2.34
shed	113687	18873	3	3	2.34
quantity	113687	18873	3	3	2.34
distance	113687	18873	3	3	2.34
emerging	113687	18873	3	3	2.34
disentangle	113687	18873	3	3	2.34
explainable	113687	18873	3	3	2.34
(ECI)	113687	18873	3	3	2.34
perturbational	113687	18873	3	3	2.34
including	113687	18873	30	11	2.34
form	113687	18873	75	21	2.31
view	113687	18873	66	19	2.29
recognizing	113687	18873	15	7	2.28
studies	113687	18873	15	7	2.28
suggested	113687	18873	15	7	2.28
study	113687	18873	39	13	2.28
very	113687	18873	48	15	2.26
beyond	113687	18873	19	8	2.23
research	113687	18873	19	8	2.23
internal	113687	18873	31	11	2.23
real	113687	18873	31	11	2.23
century	113687	18873	44	14	2.22
human	113687	18873	111	28	2.21
20th	113687	18873	12	6	2.19
suggests	113687	18873	12	6	2.19
indicator	113687	18873	12	6	2.19
take	113687	18873	36	12	2.15
topic	113687	18873	9	5	2.11
Neural	113687	18873	9	5	2.11
characteristics	113687	18873	9	5	2.11
nonconscious	113687	18873	9	5	2.11
temporal	113687	18873	9	5	2.11
realized	113687	18873	9	5	2.11
clinical	113687	18873	9	5	2.11
hence	113687	18873	9	5	2.11
well	113687	18873	64	18	2.11
helping	113687	18873	6	4	2.10
fostering	113687	18873	6	4	2.10
reach	113687	18873	6	4	2.10
reliable	113687	18873	6	4	2.10
connectivity	113687	18873	6	4	2.10
compared	113687	18873	6	4	2.10
2000)	113687	18873	6	4	2.10
antagonism	113687	18873	6	4	2.10
reticular	113687	18873	6	4	2.10
patient’s	113687	18873	6	4	2.10
spectral	113687	18873	6	4	2.10
existence	113687	18873	28	10	2.10
structure	113687	18873	24	9	2.09
Marxist	113687	18873	20	8	2.08
realm	113687	18873	20	8	2.08
key	113687	18873	20	8	2.08
understand	113687	18873	37	12	2.06
which	113687	18873	358	73	2.05
necessary	113687	18873	33	11	2.03
activity	113687	18873	42	13	2.02
been	113687	18873	121	29	2.00
argue	113687	18873	13	6	2.00
concern	113687	18873	13	6	2.00
indicate	113687	18873	13	6	2.00
(See	113687	18873	13	6	2.00
why	113687	18873	38	12	1.98
changes	113687	18873	17	7	1.96
thinking	113687	18873	21	8	1.96
may	113687	18873	133	31	1.94
these	113687	18873	107	26	1.94
thus	113687	18873	34	11	1.94
proposed	113687	18873	34	11	1.94
are	113687	18873	478	93	1.92
unity	113687	18873	30	10	1.90
vary	113687	18873	10	5	1.89
materialism	113687	18873	10	5	1.89
19th	113687	18873	10	5	1.89
reflect	113687	18873	10	5	1.89
drugs	113687	18873	10	5	1.89
criterion	113687	18873	10	5	1.89
procedure	113687	18873	10	5	1.89
methods	113687	18873	10	5	1.89
Most	113687	18873	10	5	1.89
raise	113687	18873	10	5	1.89
determines	113687	18873	10	5	1.89
about	113687	18873	216	46	1.88
a	113687	18873	2129	371	1.87
Why	113687	18873	26	9	1.86
known	113687	18873	26	9	1.86
systems	113687	18873	26	9	1.86
features	113687	18873	35	11	1.85
members	113687	18873	22	8	1.84
linked	113687	18873	22	8	1.84
exist	113687	18873	22	8	1.84
regard	113687	18873	22	8	1.84
politics	113687	18873	14	6	1.83
multiple	113687	18873	14	6	1.83
underlying	113687	18873	14	6	1.83
differ	113687	18873	14	6	1.83
fully	113687	18873	14	6	1.83
political	113687	18873	59	16	1.83
and	113687	18873	3007	514	1.82
potential	113687	18873	18	7	1.82
describe	113687	18873	18	7	1.82
highlighted	113687	18873	4	3	1.82
transforms	113687	18873	4	3	1.82
globalization	113687	18873	4	3	1.82
advocating	113687	18873	4	3	1.82
Struggle	113687	18873	4	3	1.82
tied	113687	18873	4	3	1.82
goals	113687	18873	4	3	1.82
Once	113687	18873	4	3	1.82
seize	113687	18873	4	3	1.82
evolve	113687	18873	4	3	1.82
attributed	113687	18873	4	3	1.82
severely	113687	18873	4	3	1.82
wings	113687	18873	4	3	1.82
assessing	113687	18873	4	3	1.82
absent	113687	18873	4	3	1.82
trait	113687	18873	4	3	1.82
exclusively	113687	18873	4	3	1.82
integrative	113687	18873	4	3	1.82
seizures	113687	18873	4	3	1.82
indicating	113687	18873	4	3	1.82
ontological	113687	18873	4	3	1.82
connect	113687	18873	4	3	1.82
substrate	113687	18873	4	3	1.82
connected	113687	18873	4	3	1.82
underlie	113687	18873	4	3	1.82
radically	113687	18873	4	3	1.82
creation	113687	18873	4	3	1.82
centre	113687	18873	4	3	1.82
“hard	113687	18873	4	3	1.82
clues	113687	18873	4	3	1.82
pharmacological	113687	18873	4	3	1.82
proposes	113687	18873	4	3	1.82
Quantifying	113687	18873	4	3	1.82
supposed	113687	18873	7	4	1.81
vital	113687	18873	7	4	1.81
researchers	113687	18873	7	4	1.81
progress	113687	18873	7	4	1.81
physicalism	113687	18873	7	4	1.81
detailed	113687	18873	7	4	1.81
electrical	113687	18873	7	4	1.81
partial	113687	18873	7	4	1.81
descriptive	113687	18873	7	4	1.81
asks	113687	18873	7	4	1.81
decreased	113687	18873	7	4	1.81
affect	113687	18873	7	4	1.81
Levels	113687	18873	7	4	1.81
movements	113687	18873	31	10	1.81
many	113687	18873	85	21	1.79
possible	113687	18873	50	14	1.78
more	113687	18873	176	38	1.78
philosophers	113687	18873	41	12	1.75
much	113687	18873	41	12	1.75
associated	113687	18873	46	13	1.73
conditions	113687	18873	32	10	1.72
cognitive	113687	18873	32	10	1.72
medicine	113687	18873	11	5	1.71
memory	113687	18873	11	5	1.71
sufficient	113687	18873	11	5	1.71
evolutionary	113687	18873	11	5	1.71
regions	113687	18873	11	5	1.71
obvious	113687	18873	11	5	1.71
arise	113687	18873	11	5	1.71
factors	113687	18873	19	7	1.70
theoretical	113687	18873	19	7	1.70
further	113687	18873	19	7	1.70
to	113687	18873	2759	463	1.70
ideology	113687	18873	15	6	1.69
degree	113687	18873	15	6	1.69
require	113687	18873	15	6	1.69
conflict	113687	18873	15	6	1.69
situation	113687	18873	28	9	1.68
each	113687	18873	47	13	1.67
into	113687	18873	110	25	1.64
even	113687	18873	94	22	1.64
scientific	113687	18873	24	8	1.63
crucial	113687	18873	20	7	1.59
clearly	113687	18873	20	7	1.59
facts	113687	18873	20	7	1.59
versions	113687	18873	8	4	1.59
allowed	113687	18873	8	4	1.59
addressing	113687	18873	8	4	1.59
hard	113687	18873	8	4	1.59
Hameroff	113687	18873	8	4	1.59
overall	113687	18873	8	4	1.59
“What	113687	18873	8	4	1.59
metaphysical	113687	18873	8	4	1.59
vegetative	113687	18873	8	4	1.59
dimensions	113687	18873	8	4	1.59
also	113687	18873	184	38	1.59
experience	113687	18873	85	20	1.57
determined	113687	18873	16	6	1.56
create	113687	18873	16	6	1.56
organization	113687	18873	16	6	1.56
account	113687	18873	39	11	1.56
most	113687	18873	129	28	1.56
given	113687	18873	54	14	1.56
etymological	113687	18873	2	2	1.56
survival-related	113687	18873	2	2	1.56
incorporating	113687	18873	2	2	1.56
eloquently	113687	18873	2	2	1.56
"and	113687	18873	2	2	1.56
expansion	113687	18873	2	2	1.56
Camus	113687	18873	2	2	1.56
non-Western	113687	18873	2	2	1.56
agreeably	113687	18873	2	2	1.56
Abrahamic	113687	18873	2	2	1.56
(French	113687	18873	2	2	1.56
collective)	113687	18873	2	2	1.56
(sometimes	113687	18873	2	2	1.56
conscious)	113687	18873	2	2	1.56
or conscience	113687	18873	2	2	1.56
collective as	113687	18873	2	2	1.56
archaic	113687	18873	2	2	1.56
humankind	113687	18873	2	2	1.56
"theory	113687	18873	2	2	1.56
offering	113687	18873	2	2	1.56
Alienation	113687	18873	2	2	1.56
consumerism	113687	18873	2	2	1.56
foster	113687	18873	2	2	1.56
Materialism	113687	18873	2	2	1.56
Various	113687	18873	2	2	1.56
uniting	113687	18873	2	2	1.56
Bolsheviks	113687	18873	2	2	1.56
foundational	113687	18873	2	2	1.56
paving	113687	18873	2	2	1.56
spheres	113687	18873	2	2	1.56
Distinguishing	113687	18873	2	2	1.56
Projective	113687	18873	2	2	1.56
Claustrum	113687	18873	2	2	1.56
conductor	113687	18873	2	2	1.56
transitions	113687	18873	2	2	1.56
observe	113687	18873	2	2	1.56
standardized	113687	18873	2	2	1.56
reportability	113687	18873	2	2	1.56
span	113687	18873	2	2	1.56
horizon	113687	18873	2	2	1.56
holistic	113687	18873	2	2	1.56
QM	113687	18873	2	2	1.56
pre-linguistic	113687	18873	2	2	1.56
surprisingly	113687	18873	2	2	1.56
assumed	113687	18873	2	2	1.56
reptilian	113687	18873	2	2	1.56
capacities	113687	18873	2	2	1.56
psychedelic	113687	18873	2	2	1.56
vertebrates	113687	18873	2	2	1.56
dreamless	113687	18873	2	2	1.56
hopes	113687	18873	2	2	1.56
neuropsychological	113687	18873	2	2	1.56
grand	113687	18873	2	2	1.56
mal	113687	18873	2	2	1.56
disorder	113687	18873	2	2	1.56
substrates	113687	18873	2	2	1.56
human-like	113687	18873	2	2	1.56
compression	113687	18873	2	2	1.56
reductively	113687	18873	2	2	1.56
framework"	113687	18873	2	2	1.56
Minimally	113687	18873	2	2	1.56
Subconscious	113687	18873	2	2	1.56
Causal	113687	18873	2	2	1.56
equated	113687	18873	2	2	1.56
initially	113687	18873	2	2	1.56
varieties	113687	18873	2	2	1.56
1998)	113687	18873	2	2	1.56
suffice	113687	18873	2	2	1.56
invoke	113687	18873	2	2	1.56
neuro-cognitive	113687	18873	2	2	1.56
ontology	113687	18873	2	2	1.56
HOT	113687	18873	2	2	1.56
representationalist	113687	18873	2	2	1.56
“Concepts	113687	18873	2	2	1.56
small-group	113687	18873	2	2	1.56
Black	113687	18873	2	2	1.56
half	113687	18873	2	2	1.56
incredibly	113687	18873	2	2	1.56
psychiatric	113687	18873	2	2	1.56
calculate	113687	18873	2	2	1.56
famously	113687	18873	2	2	1.56
ether	113687	18873	2	2	1.56
captures	113687	18873	2	2	1.56
term)	113687	18873	2	2	1.56
disciplines	113687	18873	2	2	1.56
tapestry	113687	18873	2	2	1.56
belonging	113687	18873	2	2	1.56
Classless	113687	18873	2	2	1.56
instilled	113687	18873	2	2	1.56
"empirical"	113687	18873	2	2	1.56
regimes	113687	18873	2	2	1.56
‘falseness’	113687	18873	2	2	1.56
empirically	113687	18873	2	2	1.56
separates	113687	18873	2	2	1.56
formally	113687	18873	2	2	1.56
peasants	113687	18873	2	2	1.56
characteristic	113687	18873	2	2	1.56
(imputed)	113687	18873	2	2	1.56
bare	113687	18873	2	2	1.56
threshold	113687	18873	2	2	1.56
prognosis	113687	18873	2	2	1.56
intracranial	113687	18873	2	2	1.56
hemispheres	113687	18873	2	2	1.56
metabolic	113687	18873	2	2	1.56
lowered	113687	18873	2	2	1.56
“level	113687	18873	2	2	1.56
Schematic	113687	18873	2	2	1.56
PCI*	113687	18873	2	2	1.56
orange	113687	18873	2	2	1.56
purple	113687	18873	2	2	1.56
dots	113687	18873	2	2	1.56
Lukács	113687	18873	12	5	1.55
origin	113687	18873	12	5	1.55
global	113687	18873	25	8	1.55
part	113687	18873	60	15	1.52
just	113687	18873	55	14	1.51
individuals	113687	18873	35	10	1.51
workers	113687	18873	40	11	1.50
mass	113687	18873	5	3	1.50
objectivity	113687	18873	5	3	1.50
programs	113687	18873	5	3	1.50
drive	113687	18873	5	3	1.50
empowering	113687	18873	5	3	1.50
survival	113687	18873	5	3	1.50
subsection	113687	18873	5	3	1.50
divided	113687	18873	5	3	1.50
Philosophers	113687	18873	5	3	1.50
experts	113687	18873	5	3	1.50
assessed	113687	18873	5	3	1.50
scales	113687	18873	5	3	1.50
(including	113687	18873	5	3	1.50
investigation	113687	18873	5	3	1.50
non-human	113687	18873	5	3	1.50
waking	113687	18873	5	3	1.50
writers	113687	18873	5	3	1.50
suggesting	113687	18873	5	3	1.50
signs	113687	18873	5	3	1.50
computational	113687	18873	5	3	1.50
Hard	113687	18873	5	3	1.50
reflexive	113687	18873	5	3	1.50
substantive	113687	18873	5	3	1.50
realist	113687	18873	5	3	1.50
Critical	113687	18873	5	3	1.50
advances	113687	18873	5	3	1.50
organic	113687	18873	5	3	1.50
for	113687	18873	664	116	1.47
consider	113687	18873	26	8	1.46
challenge	113687	18873	17	6	1.45
structures	113687	18873	17	6	1.45
depends	113687	18873	17	6	1.45
coma	113687	18873	17	6	1.45
becomes	113687	18873	17	6	1.45
qualia	113687	18873	17	6	1.45
s	113687	18873	286	54	1.45
one	113687	18873	275	52	1.43
economics	113687	18873	13	5	1.42
core	113687	18873	13	5	1.42
influence	113687	18873	13	5	1.42
neuroscience	113687	18873	13	5	1.42
highly	113687	18873	13	5	1.42
other	113687	18873	164	33	1.41
story	113687	18873	9	4	1.41
dynamic	113687	18873	9	4	1.41
revolution	113687	18873	9	4	1.41
centuries	113687	18873	9	4	1.41
intuition	113687	18873	9	4	1.41
exactly	113687	18873	9	4	1.41
distinguish	113687	18873	9	4	1.41
avian	113687	18873	9	4	1.41
completely	113687	18873	9	4	1.41
achieved	113687	18873	9	4	1.41
essentially	113687	18873	9	4	1.41
method	113687	18873	9	4	1.41
simultaneously	113687	18873	9	4	1.41
contents	113687	18873	22	7	1.41
distinct	113687	18873	22	7	1.41
by	113687	18873	604	104	1.40
without	113687	18873	63	15	1.40
especially	113687	18873	27	8	1.39
classes	113687	18873	27	8	1.39
be	113687	18873	669	111	1.38
on	113687	18873	533	92	1.38
this	113687	18873	387	69	1.37
perhaps	113687	18873	18	6	1.36
sensory	113687	18873	18	6	1.36
they	113687	18873	234	44	1.35
modern	113687	18873	23	7	1.33
mind	113687	18873	99	21	1.32
way	113687	18873	82	18	1.32
history	113687	18873	49	12	1.31
Marxism	113687	18873	14	5	1.31
Historical	113687	18873	14	5	1.31
type	113687	18873	14	5	1.31
appear	113687	18873	14	5	1.31
all	113687	18873	171	33	1.30
have	113687	18873	401	68	1.28
result	113687	18873	39	10	1.28
Antonio	113687	18873	6	3	1.28
average	113687	18873	6	3	1.28
hinder	113687	18873	6	3	1.28
build	113687	18873	6	3	1.28
economy	113687	18873	6	3	1.28
discussions	113687	18873	6	3	1.28
explore	113687	18873	6	3	1.28
activism	113687	18873	6	3	1.28
dominant	113687	18873	6	3	1.28
favor	113687	18873	6	3	1.28
treated	113687	18873	6	3	1.28
treat	113687	18873	6	3	1.28
Penrose	113687	18873	6	3	1.28
essence	113687	18873	6	3	1.28
component	113687	18873	6	3	1.28
representation	113687	18873	6	3	1.28
absence	113687	18873	6	3	1.28
Here	113687	18873	6	3	1.28
obviously	113687	18873	6	3	1.28
turns	113687	18873	6	3	1.28
advanced	113687	18873	6	3	1.28
placed	113687	18873	6	3	1.28
problem”	113687	18873	6	3	1.28
demonstrated	113687	18873	6	3	1.28
imputed	113687	18873	6	3	1.28
strength	113687	18873	6	3	1.28
stages	113687	18873	6	3	1.28
index	113687	18873	6	3	1.28
Hegel	113687	18873	6	3	1.28
idea	113687	18873	61	14	1.27
focus	113687	18873	19	6	1.27
EEG	113687	18873	19	6	1.27
properties	113687	18873	19	6	1.27
self-awareness	113687	18873	19	6	1.27
entry	113687	18873	19	6	1.27
conception	113687	18873	10	4	1.27
inequality	113687	18873	10	4	1.27
arises	113687	18873	10	4	1.27
refers	113687	18873	34	9	1.27
conscious	113687	18873	169	32	1.25
their	113687	18873	347	57	1.24
own	113687	18873	127	25	1.23
such	113687	18873	196	36	1.23
itself	113687	18873	74	16	1.22
process	113687	18873	57	13	1.22
literature	113687	18873	15	5	1.21
thoughts	113687	18873	30	8	1.21
was	113687	18873	253	44	1.20
only	113687	18873	129	25	1.20
mental	113687	18873	52	12	1.20
described	113687	18873	25	7	1.20
early	113687	18873	25	7	1.20
really	113687	18873	20	6	1.19
provide	113687	18873	41	10	1.19
than	113687	18873	112	22	1.18
point	113687	18873	36	9	1.17
any	113687	18873	119	23	1.17
seventeenth-century	113687	18873	3	2	1.16
biomedical	113687	18873	3	2	1.16
representative	113687	18873	3	2	1.16
signifies	113687	18873	3	2	1.16
Mafia	113687	18873	3	2	1.16
permanent	113687	18873	3	2	1.16
Communist	113687	18873	3	2	1.16
possibility"	113687	18873	3	2	1.16
Leszek	113687	18873	3	2	1.16
Fostering	113687	18873	3	2	1.16
borders	113687	18873	3	2	1.16
proponents	113687	18873	3	2	1.16
communicate	113687	18873	3	2	1.16
fuels	113687	18873	3	2	1.16
socioeconomic	113687	18873	3	2	1.16
examining	113687	18873	3	2	1.16
globalized	113687	18873	3	2	1.16
persist	113687	18873	3	2	1.16
instances	113687	18873	3	2	1.16
harnessed	113687	18873	3	2	1.16
summary	113687	18873	3	2	1.16
illustrates	113687	18873	3	2	1.16
intrinsically	113687	18873	3	2	1.16
nuances	113687	18873	3	2	1.16
responsive	113687	18873	3	2	1.16
Cartesian	113687	18873	3	2	1.16
occurring	113687	18873	3	2	1.16
interpretations	113687	18873	3	2	1.16
collapse	113687	18873	3	2	1.16
experiments	113687	18873	3	2	1.16
zombie	113687	18873	3	2	1.16
quantitative	113687	18873	3	2	1.16
Models	113687	18873	3	2	1.16
architecture	113687	18873	3	2	1.16
disruption	113687	18873	3	2	1.16
exploration	113687	18873	3	2	1.16
organisms	113687	18873	3	2	1.16
Tart	113687	18873	3	2	1.16
Patients	113687	18873	3	2	1.16
examined	113687	18873	3	2	1.16
labeled	113687	18873	3	2	1.16
autobiographical	113687	18873	3	2	1.16
"Animal	113687	18873	3	2	1.16
Unconsciousness	113687	18873	3	2	1.16
Metaphysical	113687	18873	3	2	1.16
minimally	113687	18873	3	2	1.16
spatial	113687	18873	3	2	1.16
Access	113687	18873	3	2	1.16
bases	113687	18873	3	2	1.16
restrictions	113687	18873	3	2	1.16
bridge	113687	18873	3	2	1.16
infer	113687	18873	3	2	1.16
socially	113687	18873	3	2	1.16
anti-physicalist	113687	18873	3	2	1.16
Drafts	113687	18873	3	2	1.16
functionalism	113687	18873	3	2	1.16
absolutely	113687	18873	3	2	1.16
“Is	113687	18873	3	2	1.16
Raising	113687	18873	3	2	1.16
spot	113687	18873	3	2	1.16
Changes	113687	18873	3	2	1.16
offers	113687	18873	3	2	1.16
activists	113687	18873	3	2	1.16
representations	113687	18873	3	2	1.16
oxygen	113687	18873	3	2	1.16
diagnosing	113687	18873	3	2	1.16
reside	113687	18873	3	2	1.16
multitude	113687	18873	3	2	1.16
realities	113687	18873	3	2	1.16
rituals	113687	18873	3	2	1.16
denotes	113687	18873	3	2	1.16
theoretically	113687	18873	3	2	1.16
ripe	113687	18873	3	2	1.16
objectives	113687	18873	3	2	1.16
immanent	113687	18873	3	2	1.16
lethargy	113687	18873	3	2	1.16
depressed	113687	18873	3	2	1.16
disease	113687	18873	3	2	1.16
pathological	113687	18873	3	2	1.16
UWS	113687	18873	3	2	1.16
MCS	113687	18873	3	2	1.16
settings	113687	18873	3	2	1.16
sociological	113687	18873	11	4	1.15
region	113687	18873	11	4	1.15
significant	113687	18873	11	4	1.15
changing	113687	18873	11	4	1.15
ongoing	113687	18873	11	4	1.15
organized	113687	18873	11	4	1.15
toward	113687	18873	11	4	1.15
leading	113687	18873	11	4	1.15
subjects	113687	18873	11	4	1.15
special	113687	18873	11	4	1.15
biological	113687	18873	11	4	1.15
interactions	113687	18873	11	4	1.15
largely	113687	18873	11	4	1.15
exists	113687	18873	11	4	1.15
universal	113687	18873	26	7	1.14
at	113687	18873	217	36	1.14
self	113687	18873	37	9	1.13
philosophical	113687	18873	37	9	1.13
related	113687	18873	37	9	1.13
same	113687	18873	60	13	1.13
recognize	113687	18873	21	6	1.13
major	113687	18873	21	6	1.13
critical	113687	18873	21	6	1.13
full	113687	18873	21	6	1.13
ideological	113687	18873	16	5	1.13
phenomena	113687	18873	16	5	1.13
number	113687	18873	16	5	1.13
quite	113687	18873	16	5	1.13
unconsciousness	113687	18873	16	5	1.13
anesthesia	113687	18873	16	5	1.13
would	113687	18873	116	22	1.12
called	113687	18873	43	10	1.12
extended	113687	18873	7	3	1.11
emerge	113687	18873	7	3	1.11
current	113687	18873	7	3	1.11
experiencing	113687	18873	7	3	1.11
descriptions	113687	18873	7	3	1.11
results	113687	18873	7	3	1.11
origins	113687	18873	7	3	1.11
creature	113687	18873	7	3	1.11
large	113687	18873	7	3	1.11
items	113687	18873	7	3	1.11
Radical	113687	18873	7	3	1.11
pattern	113687	18873	7	3	1.11
hegemony	113687	18873	7	3	1.11
alertness	113687	18873	7	3	1.11
deficit	113687	18873	7	3	1.11
injury	113687	18873	7	3	1.11
significantly	113687	18873	7	3	1.11
need	113687	18873	49	11	1.11
While	113687	18873	32	8	1.11
sleep	113687	18873	32	8	1.11
used	113687	18873	73	15	1.11
shared	113687	18873	55	12	1.11
(see	113687	18873	27	7	1.09
value	113687	18873	27	7	1.09
basic	113687	18873	27	7	1.09
interests	113687	18873	44	10	1.08
those	113687	18873	100	19	1.08
specific	113687	18873	56	12	1.08
How	113687	18873	56	12	1.08
evolved	113687	18873	22	6	1.07
functions	113687	18873	22	6	1.07
Theories	113687	18873	22	6	1.07
Durkheim	113687	18873	22	6	1.07
across	113687	18873	12	4	1.06
play	113687	18873	12	4	1.06
identified	113687	18873	12	4	1.06
Stuart	113687	18873	12	4	1.06
deny	113687	18873	12	4	1.06
discover	113687	18873	12	4	1.06
years	113687	18873	17	5	1.05
perception	113687	18873	17	5	1.05
accounts	113687	18873	17	5	1.05
purely	113687	18873	17	5	1.05
effects	113687	18873	17	5	1.05
moment	113687	18873	17	5	1.05
regarded	113687	18873	17	5	1.05
property	113687	18873	17	5	1.05
neither	113687	18873	17	5	1.05
must	113687	18873	126	22	1.04
defined	113687	18873	28	7	1.04
case	113687	18873	77	15	1.04
often	113687	18873	84	16	1.03
medical	113687	18873	40	9	1.03
true	113687	18873	65	13	1.02
being	113687	18873	126	21	1.02
developed	113687	18873	23	6	1.02
cause	113687	18873	23	6	1.02
common	113687	18873	47	10	1.00
so	113687	18873	115	19	1.00
philosophy	113687	18873	29	7	1.00
might	113687	18873	104	18	1.00
totality	113687	18873	18	5	0.99
object	113687	18873	18	5	0.99
led	113687	18873	18	5	0.99
Understanding	113687	18873	18	5	0.99
range	113687	18873	18	5	0.99
important	113687	18873	67	13	0.99
species	113687	18873	8	3	0.99
(i	113687	18873	8	3	0.99
continue	113687	18873	8	3	0.99
truly	113687	18873	8	3	0.99
implications	113687	18873	8	3	0.99
significance	113687	18873	8	3	0.99
historically	113687	18873	8	3	0.99
(the	113687	18873	8	3	0.99
events	113687	18873	8	3	0.99
decades	113687	18873	8	3	0.99
consists	113687	18873	8	3	0.99
Further	113687	18873	8	3	0.99
psychologist	113687	18873	8	3	0.99
nervous	113687	18873	8	3	0.99
relates	113687	18873	8	3	0.99
Question	113687	18873	8	3	0.99
stands	113687	18873	8	3	0.99
termed	113687	18873	8	3	0.99
bourgeois	113687	18873	8	3	0.99
crisis	113687	18873	8	3	0.99
determining	113687	18873	8	3	0.99
opposed	113687	18873	13	4	0.97
majority	113687	18873	13	4	0.97
psychologists	113687	18873	13	4	0.97
causes	113687	18873	13	4	0.97
ECI	113687	18873	13	4	0.97
allows	113687	18873	24	6	0.97
Other	113687	18873	24	6	0.97
attention	113687	18873	30	7	0.96
seem	113687	18873	30	7	0.96
like	113687	18873	85	15	0.96
notion	113687	18873	50	10	0.94
dispositions	113687	18873	4	2	0.94
fundamentalist	113687	18873	4	2	0.94
ideologies	113687	18873	4	2	0.94
schools	113687	18873	4	2	0.94
liberal	113687	18873	4	2	0.94
Mises	113687	18873	4	2	0.94
Philosopher	113687	18873	4	2	0.94
multifaceted	113687	18873	4	2	0.94
obstacles	113687	18873	4	2	0.94
challenging	113687	18873	4	2	0.94
shaping	113687	18873	4	2	0.94
evolving	113687	18873	4	2	0.94
pivotal	113687	18873	4	2	0.94
overthrow	113687	18873	4	2	0.94
empower	113687	18873	4	2	0.94
realize	113687	18873	4	2	0.94
benefit	113687	18873	4	2	0.94
seat	113687	18873	4	2	0.94
doctrine	113687	18873	4	2	0.94
1960s	113687	18873	4	2	0.94
added	113687	18873	4	2	0.94
sufficiently	113687	18873	4	2	0.94
bias	113687	18873	4	2	0.94
anesthetized	113687	18873	4	2	0.94
distinguishes	113687	18873	4	2	0.94
Ned	113687	18873	4	2	0.94
eight	113687	18873	4	2	0.94
incapable	113687	18873	4	2	0.94
attribute	113687	18873	4	2	0.94
zombies	113687	18873	4	2	0.94
illness	113687	18873	4	2	0.94
universally	113687	18873	4	2	0.94
disputed	113687	18873	4	2	0.94
recurrent	113687	18873	4	2	0.94
raw	113687	18873	4	2	0.94
correlate	113687	18873	4	2	0.94
neuroscientist	113687	18873	4	2	0.94
causally	113687	18873	4	2	0.94
producing	113687	18873	4	2	0.94
lost	113687	18873	4	2	0.94
surgical	113687	18873	4	2	0.94
five	113687	18873	4	2	0.94
describing	113687	18873	4	2	0.94
exhibit	113687	18873	4	2	0.94
mystery	113687	18873	4	2	0.94
“what	113687	18873	4	2	0.94
like”	113687	18873	4	2	0.94
abilities	113687	18873	4	2	0.94
intentionality	113687	18873	4	2	0.94
interrelated	113687	18873	4	2	0.94
correspond	113687	18873	4	2	0.94
1991)	113687	18873	4	2	0.94
seriously	113687	18873	4	2	0.94
unconsciously	113687	18873	4	2	0.94
(Block	113687	18873	4	2	0.94
locate	113687	18873	4	2	0.94
non-physical	113687	18873	4	2	0.94
Multiple	113687	18873	4	2	0.94
Model	113687	18873	4	2	0.94
strict	113687	18873	4	2	0.94
advocates	113687	18873	4	2	0.94
interpretative	113687	18873	4	2	0.94
MDM	113687	18873	4	2	0.94
oppressed	113687	18873	4	2	0.94
feminist	113687	18873	4	2	0.94
thousands	113687	18873	4	2	0.94
Waking	113687	18873	4	2	0.94
working-class	113687	18873	4	2	0.94
deepest	113687	18873	4	2	0.94
happens	113687	18873	4	2	0.94
reduce	113687	18873	4	2	0.94
apart	113687	18873	4	2	0.94
folk	113687	18873	4	2	0.94
strata	113687	18873	4	2	0.94
reveal	113687	18873	4	2	0.94
opposition	113687	18873	4	2	0.94
secondary	113687	18873	4	2	0.94
^([4])	113687	18873	4	2	0.94
spontaneous	113687	18873	4	2	0.94
accurately	113687	18873	4	2	0.94
Sleep	113687	18873	4	2	0.94
unresponsiveness	113687	18873	4	2	0.94
brain-injured	113687	18873	4	2	0.94
valuable	113687	18873	4	2	0.94
b	113687	18873	4	2	0.94
recovery	113687	18873	4	2	0.94
workings	113687	18873	4	2	0.94
still	113687	18873	37	8	0.94
simple	113687	18873	19	5	0.94
central	113687	18873	19	5	0.94
phenomenon	113687	18873	19	5	0.94
include	113687	18873	19	5	0.94
Tononi	113687	18873	19	5	0.94
directly	113687	18873	19	5	0.94
complex	113687	18873	31	7	0.93
however	113687	18873	44	9	0.93
first	113687	18873	76	13	0.92
based	113687	18873	52	10	0.91
subjective	113687	18873	45	9	0.91
formed	113687	18873	14	4	0.91
immediate	113687	18873	14	4	0.91
kind	113687	18873	14	4	0.91
field	113687	18873	14	4	0.91
due	113687	18873	14	4	0.91
show	113687	18873	14	4	0.91
1996)	113687	18873	14	4	0.91
caused	113687	18873	14	4	0.91
situations	113687	18873	14	4	0.91
see	113687	18873	53	10	0.90
either	113687	18873	39	8	0.89
experiences	113687	18873	39	8	0.89
approach	113687	18873	39	8	0.89
History	113687	18873	26	6	0.89
labor	113687	18873	26	6	0.89
believed	113687	18873	26	6	0.89
production	113687	18873	26	6	0.89
evidence	113687	18873	20	5	0.89
Karl	113687	18873	20	5	0.89
critics	113687	18873	9	3	0.89
reflects	113687	18873	9	3	0.89
Marxists	113687	18873	9	3	0.89
unite	113687	18873	9	3	0.89
maintain	113687	18873	9	3	0.89
organism	113687	18873	9	3	0.89
adaptive	113687	18873	9	3	0.89
professionals	113687	18873	9	3	0.89
cognition	113687	18873	9	3	0.89
Animal	113687	18873	9	3	0.89
directed	113687	18873	9	3	0.89
task	113687	18873	9	3	0.89
Not	113687	18873	9	3	0.89
presence	113687	18873	9	3	0.89
imply	113687	18873	9	3	0.89
alternative	113687	18873	9	3	0.89
means	113687	18873	67	11	0.88
something	113687	18873	67	11	0.88
where	113687	18873	65	11	0.88
remains	113687	18873	33	7	0.88
Social	113687	18873	40	8	0.88
wrote	113687	18873	27	6	0.86
groups	113687	18873	27	6	0.86
control	113687	18873	27	6	0.86
were	113687	18873	60	10	0.86
always	113687	18873	59	9	0.86
fact	113687	18873	50	9	0.85
societies	113687	18873	21	5	0.85
essential	113687	18873	21	5	0.85
examples	113687	18873	21	5	0.85
properly	113687	18873	15	4	0.85
traditional	113687	18873	15	4	0.85
behind	113687	18873	15	4	0.85
involves	113687	18873	15	4	0.85
calls	113687	18873	15	4	0.85
practice	113687	18873	15	4	0.85
stimuli	113687	18873	15	4	0.85
explanatory	113687	18873	15	4	0.85
variety	113687	18873	15	4	0.85
