token	corpus size	all contexts size	frequency	co-frequency	specificity
является	242815	23133	405	102	19.44
как	242815	23133	1801	288	17.80
Структура	242815	23133	29	21	15.16
теорий	242815	23133	36	23	14.69
его	242815	23133	963	169	14.35
функции	242815	23133	79	34	14.28
Понятие	242815	23133	36	22	13.50
наше	242815	23133	87	33	12.03
теории	242815	23133	166	48	11.96
человеческого	242815	23133	84	32	11.75
доступа	242815	23133	34	19	10.79
Свойства	242815	23133	12	11	10.20
основные	242815	23133	29	17	10.17
квантового	242815	23133	13	11	9.43
объяснения	242815	23133	56	23	9.42
следующие	242815	23133	28	16	9.38
человека	242815	23133	898	143	9.33
представляет	242815	23133	76	27	9.25
устроено	242815	23133	14	11	8.80
вопрос	242815	23133	118	34	8.69
феноменального	242815	23133	20	13	8.69
функционирования	242815	23133	24	14	8.44
философии	242815	23133	116	33	8.31
общественного	242815	23133	32	16	8.26
наличие	242815	23133	59	22	8.12
существует	242815	23133	122	33	7.73
человеческое	242815	23133	35	16	7.56
Утрата	242815	23133	11	9	7.54
мозга	242815	23133	293	58	7.37
в	242815	23133	5470	631	7.14
формы	242815	23133	51	19	7.11
эволюции	242815	23133	52	19	6.95
структуру	242815	23133	34	15	6.87
процессы	242815	23133	108	29	6.82
свойства	242815	23133	80	24	6.73
природа	242815	23133	23	12	6.60
структуре	242815	23133	23	12	6.60
Проблема	242815	23133	16	10	6.57
теория	242815	23133	111	29	6.56
структуры	242815	23133	55	19	6.52
оно	242815	23133	231	47	6.50
корреляты	242815	23133	8	7	6.29
относительно	242815	23133	62	20	6.28
между	242815	23133	174	38	6.19
такое	242815	23133	266	51	6.18
при	242815	23133	274	52	6.14
объяснению	242815	23133	6	6	6.13
индивидуального	242815	23133	25	12	6.10
индивидуальное	242815	23133	11	8	6.08
общественное	242815	23133	11	8	6.08
объяснить	242815	23133	55	18	5.83
есть	242815	23133	632	96	5.77
разновидности	242815	23133	9	7	5.68
выделить	242815	23133	23	11	5.62
формируется	242815	23133	52	17	5.54
свойство	242815	23133	58	18	5.47
могло	242815	23133	24	11	5.40
состояния	242815	23133	146	32	5.39
общественным	242815	23133	7	6	5.32
науки	242815	23133	54	17	5.29
подхода	242815	23133	13	8	5.28
проблема	242815	23133	44	15	5.22
определяется	242815	23133	39	14	5.20
деятельности	242815	23133	177	36	5.20
нейронные	242815	23133	17	9	5.15
конституирует	242815	23133	5	5	5.11
радикальные	242815	23133	5	5	5.11
помраченного	242815	23133	5	5	5.11
можно	242815	23133	331	56	5.03
материи	242815	23133	26	11	5.00
ученые	242815	23133	36	13	4.91
состоит	242815	23133	75	20	4.91
реальности	242815	23133	114	26	4.84
Что	242815	23133	213	40	4.84
существование	242815	23133	47	15	4.83
Функции	242815	23133	11	7	4.80
механизмов	242815	23133	23	10	4.72
основы	242815	23133	28	11	4.64
процессов	242815	23133	91	22	4.62
психологии	242815	23133	153	31	4.57
изучения	242815	23133	24	10	4.53
уровни	242815	23133	24	10	4.53
объяснение	242815	23133	24	10	4.53
структура	242815	23133	29	11	4.48
реальностью	242815	23133	12	7	4.47
Большинство	242815	23133	12	7	4.47
состояний	242815	23133	62	17	4.45
самосознание	242815	23133	45	14	4.42
звеном	242815	23133	6	5	4.37
квантовым	242815	23133	6	5	4.37
невозможность	242815	23133	6	5	4.37
Типы	242815	23133	6	5	4.37
помещается	242815	23133	6	5	4.37
природе	242815	23133	63	17	4.35
способностей	242815	23133	21	9	4.24
Существует	242815	23133	21	9	4.24
исследования	242815	23133	47	14	4.20
выступает	242815	23133	26	10	4.18
особенности	242815	23133	26	10	4.18
терминах	242815	23133	31	11	4.17
общей	242815	23133	31	11	4.17
но	242815	23133	638	89	4.14
дисциплин	242815	23133	4	4	4.08
изучающих	242815	23133	4	4	4.08
промежуточным	242815	23133	4	4	4.08
Измененные	242815	23133	4	4	4.08
данность	242815	23133	4	4	4.08
Взаимодействие	242815	23133	4	4	4.08
Функциональный	242815	23133	4	4	4.08
и бессознательным	242815	23133	4	4	4.08
современной	242815	23133	22	9	4.06
которой	242815	23133	120	25	4.04
мере	242815	23133	86	20	4.03
философы	242815	23133	27	10	4.02
подсознание	242815	23133	43	13	4.02
из	242815	23133	732	99	4.01
что	242815	23133	2479	286	4.00
проблеме	242815	23133	10	6	3.98
фундаментальной	242815	23133	10	6	3.98
квалитативного	242815	23133	10	6	3.98
результатом	242815	23133	18	8	3.96
являются	242815	23133	101	22	3.93
собственно	242815	23133	14	7	3.92
характеристики	242815	23133	23	9	3.89
широкое	242815	23133	7	5	3.87
признаком	242815	23133	7	5	3.87
подсознанием	242815	23133	7	5	3.87
функционирование	242815	23133	7	5	3.87
феноменальное	242815	23133	7	5	3.87
и	242815	23133	7967	839	3.86
также	242815	23133	295	47	3.79
теорию	242815	23133	29	10	3.74
аспекты	242815	23133	24	9	3.73
типов	242815	23133	24	9	3.73
представления	242815	23133	52	14	3.70
статус	242815	23133	15	7	3.69
коме	242815	23133	11	6	3.68
факторами	242815	23133	11	6	3.68
уровней	242815	23133	11	6	3.68
Общественное	242815	23133	11	6	3.68
которое	242815	23133	165	30	3.62
определить	242815	23133	41	12	3.62
идеи	242815	23133	41	12	3.62
считают	242815	23133	41	12	3.62
создать	242815	23133	20	8	3.59
Развитие	242815	23133	20	8	3.59
обладает	242815	23133	54	14	3.52
Выделяют	242815	23133	8	5	3.49
существовании	242815	23133	16	7	3.48
основных	242815	23133	31	10	3.48
тем	242815	23133	216	36	3.46
о	242815	23133	974	122	3.45
рефлексии	242815	23133	26	9	3.43
Вселенной	242815	23133	26	9	3.43
взаимосвязи	242815	23133	5	4	3.43
научная	242815	23133	5	4	3.43
мышлением	242815	23133	5	4	3.43
субъективность	242815	23133	5	4	3.43
рефлексивного	242815	23133	5	4	3.43
Очевидно	242815	23133	5	4	3.43
предметное	242815	23133	5	4	3.43
образом	242815	23133	201	34	3.43
предметом	242815	23133	21	8	3.43
подсознания	242815	23133	21	8	3.43
‍	242815	23133	12	6	3.42
которых	242815	23133	133	25	3.36
где	242815	23133	105	21	3.29
информации	242815	23133	150	27	3.28
Согласно	242815	23133	57	14	3.28
ткани	242815	23133	22	8	3.27
единства	242815	23133	22	8	3.27
существования	242815	23133	33	10	3.24
психология	242815	23133	39	11	3.23
связаны	242815	23133	39	11	3.23
находящихся	242815	23133	9	5	3.18
сенсорная	242815	23133	9	5	3.18
считаю	242815	23133	9	5	3.18
свойством	242815	23133	28	9	3.18
степени	242815	23133	72	16	3.16
связь	242815	23133	79	17	3.15
представлений	242815	23133	34	10	3.14
ответить	242815	23133	23	8	3.13
предполагает	242815	23133	40	11	3.13
операций	242815	23133	18	7	3.12
меньшей	242815	23133	18	7	3.12
Тонони	242815	23133	18	7	3.12
уровне	242815	23133	94	19	3.11
культурно-исторической	242815	23133	3	3	3.06
физическому	242815	23133	3	3	3.06
Основным	242815	23133	3	3	3.06
сопоставляется	242815	23133	3	3	3.06
опыта»	242815	23133	3	3	3.06
Трудная	242815	23133	3	3	3.06
группового	242815	23133	3	3	3.06
слоя	242815	23133	3	3	3.06
отражательная	242815	23133	3	3	3.06
важнейшее	242815	23133	3	3	3.06
на тему	242815	23133	3	3	3.06
похожи	242815	23133	3	3	3.06
фундаментальным	242815	23133	3	3	3.06
загадочным	242815	23133	3	3	3.06
выделяются	242815	23133	3	3	3.06
и свойства	242815	23133	3	3	3.06
Объяснительный	242815	23133	3	3	3.06
ASSC)	242815	23133	3	3	3.06
градаций	242815	23133	3	3	3.06
анестезиолог	242815	23133	3	3	3.06
память) —	242815	23133	3	3	3.06
нейрофизиологических	242815	23133	3	3	3.06
идеальность	242815	23133	3	3	3.06
связана	242815	23133	29	9	3.06
определяет	242815	23133	29	9	3.06
свободы	242815	23133	29	9	3.06
окружающего	242815	23133	35	10	3.03
соотношения	242815	23133	14	6	3.00
научной	242815	23133	14	6	3.00
Чалмерс	242815	23133	14	6	3.00
Основные	242815	23133	14	6	3.00
отрыве	242815	23133	6	4	3.00
эволюционное	242815	23133	6	4	3.00
Нарушение	242815	23133	6	4	3.00
целостного	242815	23133	6	4	3.00
Леонтьева	242815	23133	6	4	3.00
появилось	242815	23133	6	4	3.00
обеспечивающих	242815	23133	6	4	3.00
рассмотреть	242815	23133	6	4	3.00
Коллективное	242815	23133	6	4	3.00
ясного	242815	23133	6	4	3.00
потеря	242815	23133	6	4	3.00
Наше	242815	23133	6	4	3.00
функция	242815	23133	48	12	2.98
том	242815	23133	385	54	2.97
интеллекта	242815	23133	19	7	2.97
еще	242815	23133	150	26	2.97
каковы	242815	23133	10	5	2.92
практическим	242815	23133	10	5	2.92
бодрствование	242815	23133	10	5	2.92
теориями	242815	23133	10	5	2.92
каузально	242815	23133	10	5	2.92
Связь	242815	23133	10	5	2.92
можем	242815	23133	83	17	2.92
природы	242815	23133	49	12	2.90
с	242815	23133	1894	213	2.89
согласно	242815	23133	56	13	2.87
существ	242815	23133	31	9	2.84
мозгом	242815	23133	20	7	2.82
интегрированной	242815	23133	20	7	2.82
понимается	242815	23133	20	7	2.82
субъекта	242815	23133	50	12	2.82
нейронных	242815	23133	15	6	2.82
входят	242815	23133	15	6	2.82
проблемой	242815	23133	15	6	2.82
связано	242815	23133	57	13	2.80
существовать	242815	23133	26	8	2.76
частности	242815	23133	32	9	2.74
деятельность	242815	23133	58	13	2.73
искусственного	242815	23133	11	5	2.70
единой	242815	23133	11	5	2.70
наличия	242815	23133	11	5	2.70
возникло	242815	23133	11	5	2.70
потока	242815	23133	11	5	2.70
Дэвид	242815	23133	11	5	2.70
изучение	242815	23133	11	5	2.70
зачастую	242815	23133	11	5	2.70
точнее	242815	23133	11	5	2.70
совокупность	242815	23133	21	7	2.69
работает	242815	23133	73	15	2.68
рассмотрения	242815	23133	7	4	2.67
функциональном	242815	23133	7	4	2.67
биологическая	242815	23133	7	4	2.67
находящиеся	242815	23133	7	4	2.67
характеристику	242815	23133	7	4	2.67
^([9])	242815	23133	7	4	2.67
описание	242815	23133	7	4	2.67
изучении	242815	23133	7	4	2.67
предсказать	242815	23133	7	4	2.67
заслуживает	242815	23133	7	4	2.67
динамики	242815	23133	7	4	2.67
семь	242815	23133	7	4	2.67
особой	242815	23133	7	4	2.67
«почему»	242815	23133	7	4	2.67
контролем	242815	23133	7	4	2.67
изучением	242815	23133	7	4	2.67
рассудок	242815	23133	16	6	2.66
выделяют	242815	23133	16	6	2.66
коре	242815	23133	16	6	2.66
черты	242815	23133	27	8	2.65
сознанием	242815	23133	119	21	2.64
благодаря	242815	23133	67	14	2.61
знания	242815	23133	60	13	2.60
мир	242815	23133	177	28	2.59
пытается	242815	23133	22	7	2.57
понять	242815	23133	90	17	2.56
форме	242815	23133	34	9	2.56
собой	242815	23133	170	27	2.55
физического	242815	23133	28	8	2.55
понятие	242815	23133	76	15	2.52
психика	242815	23133	17	6	2.51
множества	242815	23133	17	6	2.51
содержанием	242815	23133	17	6	2.51
объектом	242815	23133	12	5	2.51
отсутствует	242815	23133	12	5	2.51
взаимодействие	242815	23133	12	5	2.51
единого	242815	23133	12	5	2.51
развитием	242815	23133	12	5	2.51
естественное	242815	23133	12	5	2.51
соотносительного	242815	23133	4	3	2.50
всеобщее	242815	23133	4	3	2.50
субстанцией	242815	23133	4	3	2.50
ключе	242815	23133	4	3	2.50
Человеческое	242815	23133	4	3	2.50
Вундта	242815	23133	4	3	2.50
устройстве	242815	23133	4	3	2.50
пребывают	242815	23133	4	3	2.50
взаимосвязанных	242815	23133	4	3	2.50
локализации	242815	23133	4	3	2.50
разумного	242815	23133	4	3	2.50
посмотрим	242815	23133	4	3	2.50
материальный	242815	23133	4	3	2.50
Каковы	242815	23133	4	3	2.50
наделен	242815	23133	4	3	2.50
Дескриптивный	242815	23133	4	3	2.50
[Baars	242815	23133	4	3	2.50
конференции	242815	23133	4	3	2.50
надлежащего	242815	23133	4	3	2.50
каузального	242815	23133	4	3	2.50
функционировать	242815	23133	4	3	2.50
метаментальное	242815	23133	4	3	2.50
метафизических	242815	23133	4	3	2.50
IIT	242815	23133	4	3	2.50
смысле	242815	23133	99	18	2.50
под	242815	23133	147	24	2.49
того	242815	23133	346	47	2.49
форма	242815	23133	55	12	2.48
В	242815	23133	880	104	2.47
вне	242815	23133	35	9	2.47
элементов	242815	23133	35	9	2.47
котором	242815	23133	77	15	2.46
когнитивных	242815	23133	23	7	2.45
два	242815	23133	70	14	2.44
несколько	242815	23133	70	14	2.44
отражения	242815	23133	42	10	2.43
состояние	242815	23133	149	24	2.43
внимания	242815	23133	93	17	2.43
способности	242815	23133	56	12	2.42
компоненты	242815	23133	8	4	2.41
предполагают	242815	23133	8	4	2.41
изучению	242815	23133	8	4	2.41
Рене	242815	23133	8	4	2.41
фактором	242815	23133	8	4	2.41
разнообразных	242815	23133	8	4	2.41
аспектами	242815	23133	8	4	2.41
носителя	242815	23133	8	4	2.41
Роджер	242815	23133	8	4	2.41
греховности	242815	23133	8	4	2.41
переходит	242815	23133	8	4	2.41
психики	242815	23133	86	16	2.40
картину	242815	23133	18	6	2.38
описывает	242815	23133	18	6	2.38
активности	242815	23133	64	13	2.37
некоторые	242815	23133	57	12	2.36
подход	242815	23133	30	8	2.36
возникновения	242815	23133	24	7	2.35
исследований	242815	23133	24	7	2.35
формирования	242815	23133	24	7	2.35
проявление	242815	23133	24	7	2.35
некая	242815	23133	13	5	2.34
физики	242815	23133	13	5	2.34
[Как	242815	23133	13	5	2.34
исчезает	242815	23133	13	5	2.34
аспекта	242815	23133	13	5	2.34
без	242815	23133	194	29	2.34
хотя	242815	23133	103	18	2.34
мышления	242815	23133	65	13	2.32
форм	242815	23133	37	9	2.31
модели	242815	23133	31	8	2.27
мы	242815	23133	592	72	2.26
памяти	242815	23133	105	18	2.26
субъектом	242815	23133	19	6	2.26
психические	242815	23133	19	6	2.26
отражает	242815	23133	25	7	2.25
развитии	242815	23133	25	7	2.25
проблемы	242815	23133	59	12	2.25
а	242815	23133	875	101	2.22
свойственная	242815	23133	9	4	2.20
включают	242815	23133	9	4	2.20
явлениями	242815	23133	9	4	2.20
квантовые	242815	23133	9	4	2.20
каких	242815	23133	9	4	2.20
университета	242815	23133	9	4	2.20
немало	242815	23133	9	4	2.20
статуса	242815	23133	9	4	2.20
Общая	242815	23133	9	4	2.20
образуют	242815	23133	14	5	2.20
говорим	242815	23133	14	5	2.20
бодрствования	242815	23133	14	5	2.20
значений	242815	23133	14	5	2.20
объяснении	242815	23133	14	5	2.20
описать	242815	23133	14	5	2.20
пытаются	242815	23133	14	5	2.20
содержание	242815	23133	39	9	2.17
компьютеры	242815	23133	5	3	2.15
включающую	242815	23133	5	3	2.15
субстанций	242815	23133	5	3	2.15
способной	242815	23133	5	3	2.15
феноменологии	242815	23133	5	3	2.15
речевых	242815	23133	5	3	2.15
фактами	242815	23133	5	3	2.15
компонентами	242815	23133	5	3	2.15
интенциональной	242815	23133	5	3	2.15
Университета	242815	23133	5	3	2.15
поведенческие	242815	23133	5	3	2.15
выделение	242815	23133	5	3	2.15
Главным	242815	23133	5	3	2.15
Индивидуальное	242815	23133	5	3	2.15
наличию	242815	23133	5	3	2.15
Изучение	242815	23133	5	3	2.15
Главные	242815	23133	5	3	2.15
несознательными	242815	23133	5	3	2.15
степеней	242815	23133	5	3	2.15
[Rosenthal	242815	23133	5	3	2.15
[Carruthers	242815	23133	5	3	2.15
уяснить	242815	23133	5	3	2.15
соотносить	242815	23133	5	3	2.15
квалитативное	242815	23133	5	3	2.15
метаментального	242815	23133	5	3	2.15
некой	242815	23133	5	3	2.15
следствие	242815	23133	5	3	2.15
нейронного	242815	23133	5	3	2.15
гипотезы	242815	23133	5	3	2.15
концепцией	242815	23133	5	3	2.15
коллапс	242815	23133	5	3	2.15
отображает	242815	23133	5	3	2.15
–	242815	23133	785	91	2.15
стало	242815	23133	20	6	2.15
поскольку	242815	23133	61	12	2.14
возникает	242815	23133	61	12	2.14
мира	242815	23133	248	34	2.11
проявляется	242815	23133	40	9	2.10
отсутствие	242815	23133	27	7	2.07
виды	242815	23133	27	7	2.07
появление	242815	23133	15	5	2.06
психике	242815	23133	15	5	2.06
различение	242815	23133	15	5	2.06
телом	242815	23133	21	6	2.04
каким	242815	23133	21	6	2.04
двух	242815	23133	63	12	2.04
животных	242815	23133	63	12	2.04
необходимо	242815	23133	63	12	2.04
Большом	242815	23133	2	2	2.04
энциклопедическом	242815	23133	2	2	2.04
общественно	242815	23133	2	2	2.04
развитому	242815	23133	2	2	2.04
нечеловеческое	242815	23133	2	2	2.04
мир —	242815	23133	2	2	2.04
полюса —	242815	23133	2	2	2.04
(наивность)	242815	23133	2	2	2.04
явствует	242815	23133	2	2	2.04
отвлечься	242815	23133	2	2	2.04
«выйти»	242815	23133	2	2	2.04
разделённость	242815	23133	2	2	2.04
«выделяют»	242815	23133	2	2	2.04
мыслящее	242815	23133	2	2	2.04
рассудка)	242815	23133	2	2	2.04
сформулирована	242815	23133	2	2	2.04
новоевропейской	242815	23133	2	2	2.04
мыслящей	242815	23133	2	2	2.04
идеалистов	242815	23133	2	2	2.04
бихевиористов	242815	23133	2	2	2.04
доказывая	242815	23133	2	2	2.04
(обычно	242815	23133	2	2	2.04
Пуруша	242815	23133	2	2	2.04
(«безмолвный	242815	23133	2	2	2.04
свидетель»)	242815	23133	2	2	2.04
Будды	242815	23133	2	2	2.04
универсальной	242815	23133	2	2	2.04
человеческому	242815	23133	2	2	2.04
речевыми	242815	23133	2	2	2.04
кардинальную	242815	23133	2	2	2.04
Коммуникативный	242815	23133	2	2	2.04
Спонтанность	242815	23133	2	2	2.04
изменённых	242815	23133	2	2	2.04
обусловливает	242815	23133	2	2	2.04
этапы	242815	23133	2	2	2.04
Особую	242815	23133	2	2	2.04
первичного	242815	23133	2	2	2.04
мире»	242815	23133	2	2	2.04
охватить	242815	23133	2	2	2.04
продвинулись	242815	23133	2	2	2.04
Тафтса	242815	23133	2	2	2.04
и стремятся	242815	23133	2	2	2.04
с объективным	242815	23133	2	2	2.04
в совокупности	242815	23133	2	2	2.04
достаточные	242815	23133	2	2	2.04
очертить	242815	23133	2	2	2.04
лампа	242815	23133	2	2	2.04
спрос	242815	23133	2	2	2.04
в вегетативном	242815	23133	2	2	2.04
система —	242815	23133	2	2	2.04
надёжным	242815	23133	2	2	2.04
Основу	242815	23133	2	2	2.04
Оценки	242815	23133	2	2	2.04
предложенной	242815	23133	2	2	2.04
сферическая	242815	23133	2	2	2.04
незаметного	242815	23133	2	2	2.04
инсайтов	242815	23133	2	2	2.04
^([14][15])	242815	23133	2	2	2.04
значительным	242815	23133	2	2	2.04
оперирует	242815	23133	2	2	2.04
искусно	242815	23133	2	2	2.04
[Могут	242815	23133	2	2	2.04
точно)	242815	23133	2	2	2.04
австралийский	242815	23133	2	2	2.04
AST	242815	23133	2	2	2.04
углом	242815	23133	2	2	2.04
продуктом	242815	23133	2	2	2.04
феномену	242815	23133	2	2	2.04
песщинка	242815	23133	2	2	2.04
Тоесть	242815	23133	2	2	2.04
сверх	242815	23133	2	2	2.04
варп	242815	23133	2	2	2.04
двигатели	242815	23133	2	2	2.04
мульти	242815	23133	2	2	2.04
вселённую	242815	23133	2	2	2.04
откладываются	242815	23133	2	2	2.04
Коллективным	242815	23133	2	2	2.04
измененное	242815	23133	2	2	2.04
Мичиганского	242815	23133	2	2	2.04
врачи	242815	23133	2	2	2.04
непонятных	242815	23133	2	2	2.04
порождающая	242815	23133	2	2	2.04
истоков	242815	23133	2	2	2.04
измененных	242815	23133	2	2	2.04
различают	242815	23133	2	2	2.04
с физической	242815	23133	2	2	2.04
составляющими	242815	23133	2	2	2.04
о природе	242815	23133	2	2	2.04
ауры	242815	23133	2	2	2.04
адекватное	242815	23133	2	2	2.04
Каузальный	242815	23133	2	2	2.04
Метафизические	242815	23133	2	2	2.04
Частные	242815	23133	2	2	2.04
богатой	242815	23133	2	2	2.04
пошел	242815	23133	2	2	2.04
1986]	242815	23133	2	2	2.04
темпоральной	242815	23133	2	2	2.04
Задача	242815	23133	2	2	2.04
смоделировать	242815	23133	2	2	2.04
репрезентативистской	242815	23133	2	2	2.04
касаться	242815	23133	2	2	2.04
соединительные	242815	23133	2	2	2.04
перспективах	242815	23133	2	2	2.04
релевантного	242815	23133	2	2	2.04
лишенными	242815	23133	2	2	2.04
использовались	242815	23133	2	2	2.04
теснее	242815	23133	2	2	2.04
метаментальной	242815	23133	2	2	2.04
очевиднее	242815	23133	2	2	2.04
отвечающих	242815	23133	2	2	2.04
локализовать	242815	23133	2	2	2.04
надлежащих	242815	23133	2	2	2.04
полноценное	242815	23133	2	2	2.04
Модели	242815	23133	2	2	2.04
архитектурой	242815	23133	2	2	2.04
коррелятов	242815	23133	2	2	2.04
фундаментальном	242815	23133	2	2	2.04
категорической	242815	23133	2	2	2.04
теоретическая	242815	23133	2	2	2.04
обобщенные	242815	23133	2	2	2.04
групповом	242815	23133	2	2	2.04
групповое	242815	23133	2	2	2.04
теоретического	242815	23133	2	2	2.04
личностное	242815	23133	2	2	2.04
твердит	242815	23133	2	2	2.04
Тульвинг	242815	23133	2	2	2.04
Стержнем	242815	23133	2	2	2.04
Центра	242815	23133	2	2	2.04
нейронаук	242815	23133	2	2	2.04
Нейрофизиологические	242815	23133	2	2	2.04
Патология	242815	23133	2	2	2.04
обмороке	242815	23133	2	2	2.04
Динамичность	242815	23133	2	2	2.04
непостижимым	242815	23133	2	2	2.04
принадлежащее	242815	23133	2	2	2.04
многочисленными	242815	23133	2	2	2.04
ослабляется	242815	23133	2	2	2.04
угасшим	242815	23133	2	2	2.04
гумус	242815	23133	2	2	2.04
кичливо	242815	23133	2	2	2.04
Парадигмы	242815	23133	2	2	2.04
превосходства	242815	23133	2	2	2.04
Предпосылками	242815	23133	2	2	2.04
рефлексивность	242815	23133	2	2	2.04
Центрированность	242815	23133	2	2	2.04
вышесказанное	242815	23133	2	2	2.04
выделены	242815	23133	2	2	2.04
расстройством	242815	23133	2	2	2.04
скрывает	242815	23133	2	2	2.04
организованного	242815	23133	2	2	2.04
самоколлапсе	242815	23133	2	2	2.04
оптимизации	242815	23133	2	2	2.04
С точки	242815	23133	2	2	2.04
сущее	242815	23133	2	2	2.04
оболочки	242815	23133	2	2	2.04
(«совесть	242815	23133	2	2	2.04
утилитарно-ассоциационному	242815	23133	2	2	2.04
обоснованное	242815	23133	2	2	2.04
долга»	242815	23133	2	2	2.04
«скрытое»	242815	23133	2	2	2.04
скрытый	242815	23133	2	2	2.04
альтернирующего	242815	23133	2	2	2.04
субстанции»)	242815	23133	2	2	2.04
разработанная	242815	23133	2	2	2.04
непонятна	242815	23133	2	2	2.04
В этой	242815	23133	2	2	2.04
мы разбираемся	242815	23133	2	2	2.04
и гармонично	242815	23133	2	2	2.04
Во сне	242815	23133	2	2	2.04
в другое	242815	23133	2	2	2.04
к важным	242815	23133	2	2	2.04
и о мире	242815	23133	2	2	2.04
и подсознания	242815	23133	2	2	2.04
на внимание	242815	23133	2	2	2.04
к дыханию	242815	23133	2	2	2.04
«сканирование»	242815	23133	2	2	2.04
и прогрессивную	242815	23133	2	2	2.04
мышечную	242815	23133	2	2	2.04
релаксацию	242815	23133	2	2	2.04
снижению	242815	23133	2	2	2.04
и более	242815	23133	2	2	2.04
о вашем	242815	23133	2	2	2.04
и подсознании	242815	23133	2	2	2.04
знание	242815	23133	34	8	2.04
поэтому	242815	23133	79	14	2.03
уровень	242815	23133	79	14	2.03
ТИИ	242815	23133	10	4	2.02
конкретные	242815	23133	10	4	2.02
ценность	242815	23133	10	4	2.02
научное	242815	23133	10	4	2.02
идею	242815	23133	10	4	2.02
направлено	242815	23133	10	4	2.02
Какие	242815	23133	10	4	2.02
«что»	242815	23133	10	4	2.02
биологических	242815	23133	10	4	2.02
теориях	242815	23133	10	4	2.02
признают	242815	23133	10	4	2.02
сторонников	242815	23133	10	4	2.02
Следовательно	242815	23133	10	4	2.02
коллективного	242815	23133	10	4	2.02
понимание	242815	23133	64	12	2.00
множество	242815	23133	49	10	1.99
целом	242815	23133	49	10	1.99
вопроса	242815	23133	28	7	1.99
считается	242815	23133	28	7	1.99
бы	242815	23133	461	56	1.99
феномен	242815	23133	42	9	1.98
какой	242815	23133	35	8	1.97
своего	242815	23133	122	19	1.97
области	242815	23133	65	12	1.95
философских	242815	23133	22	6	1.95
основе	242815	23133	73	13	1.95
признаки	242815	23133	16	5	1.94
научного	242815	23133	16	5	1.94
столь	242815	23133	29	7	1.91
задач	242815	23133	29	7	1.91
состоянии	242815	23133	74	13	1.91
формирование	242815	23133	36	8	1.91
естественных	242815	23133	6	3	1.89
полюса	242815	23133	6	3	1.89
какова	242815	23133	6	3	1.89
произвольно	242815	23133	6	3	1.89
Нейронные	242815	23133	6	3	1.89
функционировании	242815	23133	6	3	1.89
протекающих	242815	23133	6	3	1.89
решили	242815	23133	6	3	1.89
на вопрос	242815	23133	6	3	1.89
движениями	242815	23133	6	3	1.89
уровнем	242815	23133	6	3	1.89
новыми	242815	23133	6	3	1.89
отдельно	242815	23133	6	3	1.89
изучает	242815	23133	6	3	1.89
слой	242815	23133	6	3	1.89
привело	242815	23133	6	3	1.89
Признаки	242815	23133	6	3	1.89
описании	242815	23133	6	3	1.89
обретает	242815	23133	6	3	1.89
доказывали	242815	23133	6	3	1.89
разновидность	242815	23133	6	3	1.89
хотим	242815	23133	6	3	1.89
(пар	242815	23133	6	3	1.89
казаться	242815	23133	6	3	1.89
разновидностей	242815	23133	6	3	1.89
известных	242815	23133	6	3	1.89
функциональные	242815	23133	6	3	1.89
Формы	242815	23133	6	3	1.89
телесной	242815	23133	6	3	1.89
подтверждается	242815	23133	6	3	1.89
Предполагается	242815	23133	6	3	1.89
Целостность	242815	23133	6	3	1.89
основанное	242815	23133	6	3	1.89
так	242815	23133	518	61	1.88
обработке	242815	23133	11	4	1.87
свойственна	242815	23133	11	4	1.87
акты	242815	23133	11	4	1.87
научных	242815	23133	11	4	1.87
фактов	242815	23133	11	4	1.87
отношение	242815	23133	67	12	1.87
более	242815	23133	280	36	1.86
одном	242815	23133	23	6	1.86
одним	242815	23133	23	6	1.86
примеры	242815	23133	23	6	1.86
модель	242815	23133	44	9	1.86
роль	242815	23133	92	15	1.85
концепцию	242815	23133	17	5	1.84
обладают	242815	23133	17	5	1.84
выполняет	242815	23133	17	5	1.84
определений	242815	23133	17	5	1.84
2000]	242815	23133	17	5	1.84
развития	242815	23133	128	19	1.80
находится	242815	23133	61	11	1.78
философия	242815	23133	24	6	1.78
внешним	242815	23133	24	6	1.78
Благодаря	242815	23133	24	6	1.78
или	242815	23133	1342	141	1.77
самым	242815	23133	46	9	1.76
способность	242815	23133	157	22	1.74
свойств	242815	23133	62	11	1.74
вывод	242815	23133	18	5	1.74
кроме	242815	23133	18	5	1.74
вновь	242815	23133	18	5	1.74
проходит	242815	23133	18	5	1.74
контексте	242815	23133	18	5	1.74
философские	242815	23133	12	4	1.74
компьютера	242815	23133	12	4	1.74
ряда	242815	23133	12	4	1.74
умение	242815	23133	12	4	1.74
животные	242815	23133	12	4	1.74
структурой	242815	23133	12	4	1.74
черта	242815	23133	12	4	1.74
характеристик	242815	23133	12	4	1.74
чертой	242815	23133	12	4	1.74
нарушение	242815	23133	12	4	1.74
Пенроуз	242815	23133	12	4	1.74
Значение	242815	23133	12	4	1.74
нужно	242815	23133	87	14	1.74
две	242815	23133	39	8	1.73
Можно	242815	23133	47	9	1.71
факт	242815	23133	47	9	1.71
сущности	242815	23133	32	7	1.71
чём	242815	23133	25	6	1.70
физической	242815	23133	25	6	1.70
сознания»	242815	23133	25	6	1.70
протяжении	242815	23133	25	6	1.70
году	242815	23133	25	6	1.70
лучше	242815	23133	55	10	1.70
широком	242815	23133	7	3	1.69
проявляет	242815	23133	7	3	1.69
саму	242815	23133	7	3	1.69
материя	242815	23133	7	3	1.69
независимые	242815	23133	7	3	1.69
представители	242815	23133	7	3	1.69
объективные	242815	23133	7	3	1.69
возникновению	242815	23133	7	3	1.69
средствами	242815	23133	7	3	1.69
взрослого	242815	23133	7	3	1.69
квантовых	242815	23133	7	3	1.69
реализуется	242815	23133	7	3	1.69
характерных	242815	23133	7	3	1.69
самостоятельной	242815	23133	7	3	1.69
доступны	242815	23133	7	3	1.69
информационным	242815	23133	7	3	1.69
степенью	242815	23133	7	3	1.69
панпсихизма	242815	23133	7	3	1.69
называемые	242815	23133	7	3	1.69
порождается	242815	23133	7	3	1.69
осуществление	242815	23133	7	3	1.69
соотносится	242815	23133	7	3	1.69
Идеализм	242815	23133	7	3	1.69
временных	242815	23133	7	3	1.69
возникать	242815	23133	7	3	1.69
видом	242815	23133	7	3	1.69
исследовать	242815	23133	7	3	1.69
волновой	242815	23133	7	3	1.69
Виды	242815	23133	7	3	1.69
непрерывности	242815	23133	7	3	1.69
нарушениях	242815	23133	7	3	1.69
смысл	242815	23133	40	8	1.67
индивида	242815	23133	40	8	1.67
мозге	242815	23133	40	8	1.67
больных	242815	23133	19	5	1.65
аспектов	242815	23133	19	5	1.65
категории	242815	23133	19	5	1.65
Декарт	242815	23133	19	5	1.65
важную	242815	23133	19	5	1.65
нервной	242815	23133	33	7	1.65
болезни	242815	23133	33	7	1.65
Поэтому	242815	23133	90	14	1.64
объясняет	242815	23133	26	6	1.63
достаточно	242815	23133	41	8	1.62
типа	242815	23133	41	8	1.62
некоторых	242815	23133	41	8	1.62
пределы	242815	23133	13	4	1.62
предлагает	242815	23133	13	4	1.62
характеристика	242815	23133	13	4	1.62
субстанции	242815	23133	13	4	1.62
живых	242815	23133	13	4	1.62
три	242815	23133	49	9	1.62
«высшая	242815	23133	3	2	1.61
Представления	242815	23133	3	2	1.61
нейробиолога	242815	23133	3	2	1.61
высшую	242815	23133	3	2	1.61
Декартом	242815	23133	3	2	1.61
получило	242815	23133	3	2	1.61
функционалистов	242815	23133	3	2	1.61
Пракрити	242815	23133	3	2	1.61
репрезентативных	242815	23133	3	2	1.61
модули	242815	23133	3	2	1.61
социальности	242815	23133	3	2	1.61
ведутся	242815	23133	3	2	1.61
смысловых	242815	23133	3	2	1.61
позволяющая	242815	23133	3	2	1.61
сформировался	242815	23133	3	2	1.61
представляла	242815	23133	3	2	1.61
Поток	242815	23133	3	2	1.61
формированием	242815	23133	3	2	1.61
философского	242815	23133	3	2	1.61
взаимодействию	242815	23133	3	2	1.61
недостаток	242815	23133	3	2	1.61
(которые	242815	23133	3	2	1.61
определяемые	242815	23133	3	2	1.61
элементарные	242815	23133	3	2	1.61
подтвердил	242815	23133	3	2	1.61
машинного	242815	23133	3	2	1.61
наибольшей	242815	23133	3	2	1.61
Φ	242815	23133	3	2	1.61
теоретической	242815	23133	3	2	1.61
Структурная	242815	23133	3	2	1.61
аналитической	242815	23133	3	2	1.61
реализует	242815	23133	3	2	1.61
отключение	242815	23133	3	2	1.61
инициировать	242815	23133	3	2	1.61
спорной	242815	23133	3	2	1.61
Аргументы	242815	23133	3	2	1.61
проживает	242815	23133	3	2	1.61
являемся	242815	23133	3	2	1.61
частичкой	242815	23133	3	2	1.61
перемещения	242815	23133	3	2	1.61
анализируют	242815	23133	3	2	1.61
уникальное	242815	23133	3	2	1.61
религиозное	242815	23133	3	2	1.61
занимал	242815	23133	3	2	1.61
независимыми	242815	23133	3	2	1.61
интегрирует	242815	23133	3	2	1.61
субстрат	242815	23133	3	2	1.61
лежащие	242815	23133	3	2	1.61
личностный	242815	23133	3	2	1.61
Модель	242815	23133	3	2	1.61
программ	242815	23133	3	2	1.61
относить	242815	23133	3	2	1.61
Давно	242815	23133	3	2	1.61
отличительной	242815	23133	3	2	1.61
помрачение	242815	23133	3	2	1.61
частичная	242815	23133	3	2	1.61
перечисленных	242815	23133	3	2	1.61
Понятия	242815	23133	3	2	1.61
онтологический	242815	23133	3	2	1.61
аспектам	242815	23133	3	2	1.61
выявлении	242815	23133	3	2	1.61
очевидна	242815	23133	3	2	1.61
когерентности	242815	23133	3	2	1.61
семи	242815	23133	3	2	1.61
порождаться	242815	23133	3	2	1.61
реализовываться	242815	23133	3	2	1.61
сущностями	242815	23133	3	2	1.61
логически	242815	23133	3	2	1.61
субстрата	242815	23133	3	2	1.61
лишенных	242815	23133	3	2	1.61
физикалистской	242815	23133	3	2	1.61
косвенным	242815	23133	3	2	1.61
нейрокогнитивных	242815	23133	3	2	1.61
самосознании	242815	23133	3	2	1.61
Относительно	242815	23133	3	2	1.61
нефизических	242815	23133	3	2	1.61
антифизикалистских	242815	23133	3	2	1.61
онтологии	242815	23133	3	2	1.61
отвергают	242815	23133	3	2	1.61
набросков	242815	23133	3	2	1.61
Критики	242815	23133	3	2	1.61
объяснено	242815	23133	3	2	1.61
ядро	242815	23133	3	2	1.61
категорию	242815	23133	3	2	1.61
Стюарт	242815	23133	3	2	1.61
Хамерофф	242815	23133	3	2	1.61
искали	242815	23133	3	2	1.61
обыденного	242815	23133	3	2	1.61
сознаем	242815	23133	3	2	1.61
прекращения	242815	23133	3	2	1.61
местом	242815	23133	3	2	1.61
бодрствующем	242815	23133	3	2	1.61
низших	242815	23133	3	2	1.61
лечить	242815	23133	3	2	1.61
вынести	242815	23133	3	2	1.61
представляли	242815	23133	3	2	1.61
существенный	242815	23133	3	2	1.61
Константность	242815	23133	3	2	1.61
Ясность	242815	23133	3	2	1.61
компонента	242815	23133	3	2	1.61
определяются	242815	23133	3	2	1.61
Dasein	242815	23133	3	2	1.61
отличных	242815	23133	3	2	1.61
отклика	242815	23133	3	2	1.61
сведений	242815	23133	3	2	1.61
механизмах	242815	23133	3	2	1.61
христианское	242815	23133	3	2	1.61
словарь)	242815	23133	3	2	1.61
растений	242815	23133	3	2	1.61
вершиной	242815	23133	3	2	1.61
заключающееся	242815	23133	3	2	1.61
технологической	242815	23133	3	2	1.61
в ходе	242815	23133	3	2	1.61
изменяют	242815	23133	3	2	1.61
предсознания	242815	23133	3	2	1.61
Предсознание	242815	23133	3	2	1.61
способствуют	242815	23133	3	2	1.61
Знания	242815	23133	3	2	1.61
помогая	242815	23133	3	2	1.61
было	242815	23133	183	24	1.60
функций	242815	23133	34	7	1.59
бессознательное	242815	23133	34	7	1.59
возможно	242815	23133	58	10	1.58
бессознательного	242815	23133	50	9	1.57
самой	242815	23133	27	6	1.57
взгляд	242815	23133	27	6	1.57
определенные	242815	23133	20	5	1.57
искать	242815	23133	20	5	1.57
«я»	242815	23133	20	5	1.57
восприятия	242815	23133	93	14	1.56
объекта	242815	23133	35	7	1.54
к	242815	23133	1212	123	1.54
имеют	242815	23133	51	9	1.53
узком	242815	23133	8	3	1.53
некоторого	242815	23133	8	3	1.53
известный	242815	23133	8	3	1.53
чувственной	242815	23133	8	3	1.53
конечном	242815	23133	8	3	1.53
сложность	242815	23133	8	3	1.53
знаниями	242815	23133	8	3	1.53
присуще	242815	23133	8	3	1.53
обладать	242815	23133	8	3	1.53
организме	242815	23133	8	3	1.53
Состояния	242815	23133	8	3	1.53
утверждать	242815	23133	8	3	1.53
частных	242815	23133	8	3	1.53
указанных	242815	23133	8	3	1.53
важных	242815	23133	8	3	1.53
зависеть	242815	23133	8	3	1.53
какого-либо	242815	23133	8	3	1.53
присутствие	242815	23133	8	3	1.53
веков	242815	23133	8	3	1.53
потери	242815	23133	8	3	1.53
интуиция	242815	23133	8	3	1.53
представлена	242815	23133	8	3	1.53
мировой	242815	23133	8	3	1.53
Исследования	242815	23133	8	3	1.53
само	242815	23133	43	8	1.53
очередь	242815	23133	43	8	1.53
чего-то	242815	23133	14	4	1.52
происхождения	242815	23133	14	4	1.52
начинается	242815	23133	14	4	1.52
Теории	242815	23133	14	4	1.52
субъективное	242815	23133	14	4	1.52
сложных	242815	23133	14	4	1.52
новой	242815	23133	14	4	1.52
кратковременной	242815	23133	14	4	1.52
свойственно	242815	23133	14	4	1.52
Понимание	242815	23133	14	4	1.52
предположение	242815	23133	14	4	1.52
этапе	242815	23133	14	4	1.52
самого	242815	23133	86	13	1.51
систем	242815	23133	28	6	1.51
сущность	242815	23133	28	6	1.51
качестве	242815	23133	52	9	1.49
менее	242815	23133	69	11	1.49
рассматривается	242815	23133	21	5	1.49
сложной	242815	23133	21	5	1.49
связан	242815	23133	21	5	1.49
квантовой	242815	23133	21	5	1.49
опыта	242815	23133	114	16	1.49
собственного	242815	23133	36	7	1.49
поле	242815	23133	36	7	1.49
результате	242815	23133	44	8	1.49
помощью	242815	23133	87	13	1.48
это	242815	23133	1178	117	1.46
происходит	242815	23133	125	17	1.45
контроля	242815	23133	29	6	1.45
любого	242815	23133	29	6	1.45
разум	242815	23133	45	8	1.44
переживаний	242815	23133	45	8	1.44
остается	242815	23133	37	7	1.44
окружающем	242815	23133	15	4	1.43
