token	corpus size	all contexts size	frequency	co-frequency	specificity
Что	117104	41002	132	97	18.73
угрызения	117104	41002	44	43	18.15
такое	117104	41002	178	117	16.28
является	117104	41002	268	153	13.09
что	117104	41002	1354	601	12.77
как	117104	41002	1017	453	10.19
о	117104	41002	544	253	8.09
функции	117104	41002	59	42	7.88
угрызений	117104	41002	17	17	7.75
основные	117104	41002	20	19	7.55
теорий	117104	41002	27	23	6.99
образом	117104	41002	112	66	6.88
Структура	117104	41002	24	21	6.83
мучает	117104	41002	23	20	6.43
человека	117104	41002	616	269	5.78
наличие	117104	41002	43	30	5.54
Угрызения	117104	41002	12	12	5.47
[Зачем	117104	41002	12	12	5.47
у	117104	41002	313	146	5.24
человеческого	117104	41002	69	42	5.15
Понятие	117104	41002	29	22	5.14
природа	117104	41002	17	15	5.08
квантового	117104	41002	11	11	5.01
греховности	117104	41002	11	11	5.01
есть	117104	41002	424	189	5.00
проявление	117104	41002	14	13	4.97
следующие	117104	41002	21	17	4.72
Наличие	117104	41002	10	10	4.56
доступа	117104	41002	25	19	4.54
существует	117104	41002	82	46	4.34
представляет	117104	41002	46	29	4.16
Свойства	117104	41002	12	11	4.12
Утрата	117104	41002	9	9	4.10
объяснения	117104	41002	38	25	4.09
своей	117104	41002	143	71	3.97
состояния	117104	41002	71	40	3.93
формируется	117104	41002	47	29	3.93
голосу	117104	41002	21	16	3.92
голос	117104	41002	101	53	3.89
Развитие	117104	41002	14	12	3.88
основных	117104	41002	23	17	3.87
том	117104	41002	218	101	3.83
то	117104	41002	469	199	3.83
наше	117104	41002	54	32	3.81
определяется	117104	41002	27	19	3.81
формы	117104	41002	27	19	3.81
феноменального	117104	41002	16	13	3.74
чувственная	117104	41002	11	10	3.70
понятие	117104	41002	57	33	3.66
а	117104	41002	483	203	3.65
внешнему	117104	41002	8	8	3.65
чистую	117104	41002	8	8	3.65
Муки	117104	41002	8	8	3.65
функционирования	117104	41002	18	14	3.64
его	117104	41002	561	232	3.58
относительно	117104	41002	36	23	3.55
зачем	117104	41002	24	17	3.52
теории	117104	41002	97	50	3.50
устроено	117104	41002	13	11	3.50
практическим	117104	41002	13	11	3.50
ли	117104	41002	109	55	3.48
в	117104	41002	2813	1053	3.40
[Что	117104	41002	15	12	3.37
свою	117104	41002	110	55	3.37
где	117104	41002	61	34	3.35
несколько	117104	41002	39	24	3.35
с	117104	41002	962	379	3.33
О	117104	41002	50	29	3.32
мы	117104	41002	318	137	3.27
психология	117104	41002	19	14	3.25
свидетельствует	117104	41002	19	14	3.25
вида	117104	41002	19	14	3.25
согласно	117104	41002	31	20	3.25
поэтому	117104	41002	46	27	3.24
отсутствие	117104	41002	21	15	3.23
свободы	117104	41002	27	18	3.22
выделить	117104	41002	23	16	3.21
связана	117104	41002	25	17	3.21
три	117104	41002	25	17	3.21
корреляты	117104	41002	7	7	3.19
Функции	117104	41002	7	7	3.19
Большинство	117104	41002	7	7	3.19
Какие	117104	41002	7	7	3.19
объяснению	117104	41002	7	7	3.19
свойства	117104	41002	42	25	3.17
вопрос	117104	41002	74	39	3.13
обладает	117104	41002	38	23	3.10
объяснить	117104	41002	38	23	3.10
чистой	117104	41002	14	11	3.01
два	117104	41002	32	20	3.01
и	117104	41002	4166	1527	2.99
состояний	117104	41002	30	19	2.98
разум	117104	41002	28	18	2.96
следует	117104	41002	50	28	2.93
индивидуального	117104	41002	18	13	2.93
но	117104	41002	335	141	2.92
тем	117104	41002	117	56	2.90
человеку	117104	41002	132	62	2.89
мучения	117104	41002	9	8	2.88
чиста	117104	41002	9	8	2.88
чувства	117104	41002	74	38	2.83
теория	117104	41002	67	35	2.81
свойство	117104	41002	44	25	2.80
природе	117104	41002	44	25	2.80
Таким	117104	41002	42	24	2.76
была	117104	41002	31	19	2.76
духа	117104	41002	31	19	2.76
примеры	117104	41002	11	9	2.74
нейронные	117104	41002	11	9	2.74
искать	117104	41002	11	9	2.74
голосом	117104	41002	11	9	2.74
считаю	117104	41002	6	6	2.73
квалитативного	117104	41002	6	6	2.73
рассматриваться	117104	41002	6	6	2.73
Личная	117104	41002	6	6	2.73
человеке	117104	41002	40	23	2.72
определить	117104	41002	27	17	2.69
свойством	117104	41002	25	16	2.67
общественного	117104	41002	25	16	2.67
структуру	117104	41002	23	15	2.64
философских	117104	41002	15	11	2.63
направление	117104	41002	15	11	2.63
основы	117104	41002	21	14	2.63
объясняет	117104	41002	19	13	2.61
идеи	117104	41002	17	12	2.61
структуре	117104	41002	17	12	2.61
для	117104	41002	387	158	2.61
при	117104	41002	147	66	2.50
необходимо	117104	41002	39	22	2.50
Как	117104	41002	137	62	2.49
того	117104	41002	186	81	2.48
Общественное	117104	41002	8	7	2.47
фактором	117104	41002	8	7	2.47
чистая	117104	41002	8	7	2.47
мук	117104	41002	8	7	2.47
между	117104	41002	97	46	2.46
само	117104	41002	26	16	2.44
можно	117104	41002	192	83	2.44
нужно	117104	41002	44	24	2.44
эволюции	117104	41002	35	20	2.41
роль	117104	41002	56	29	2.40
считают	117104	41002	22	14	2.37
считает	117104	41002	22	14	2.37
общественное	117104	41002	10	8	2.37
подхода	117104	41002	10	8	2.37
хранить	117104	41002	10	8	2.37
особенности	117104	41002	20	13	2.35
говорит	117104	41002	76	37	2.34
потому	117104	41002	81	39	2.33
результатом	117104	41002	12	9	2.32
одном	117104	41002	12	9	2.32
Святитель	117104	41002	12	9	2.32
Наконец	117104	41002	12	9	2.32
могло	117104	41002	16	11	2.31
Проблема	117104	41002	14	10	2.31
до	117104	41002	109	50	2.30
связь	117104	41002	45	24	2.29
человеческое	117104	41002	29	17	2.28
конституирует	117104	41002	5	5	2.28
Типы	117104	41002	5	5	2.28
сенсорная	117104	41002	5	5	2.28
Связь	117104	41002	5	5	2.28
радикальные	117104	41002	5	5	2.28
обрести	117104	41002	5	5	2.28
квантовым	117104	41002	5	5	2.28
невозможность	117104	41002	5	5	2.28
Феномен	117104	41002	5	5	2.28
помраченного	117104	41002	5	5	2.28
феноменальное	117104	41002	5	5	2.28
соотносить	117104	41002	5	5	2.28
Три	117104	41002	5	5	2.28
частных	117104	41002	5	5	2.28
Виды	117104	41002	5	5	2.28
мацпэн	117104	41002	5	5	2.28
компасу	117104	41002	5	5	2.28
отцы	117104	41002	5	5	2.28
взросления	117104	41002	5	5	2.28
заговорила	117104	41002	5	5	2.28
хранении	117104	41002	5	5	2.28
убеждает	117104	41002	5	5	2.28
хранение	117104	41002	5	5	2.28
Коллективная	117104	41002	5	5	2.28
можем	117104	41002	50	26	2.26
–	117104	41002	424	168	2.25
одна	117104	41002	36	20	2.25
связано	117104	41002	43	23	2.24
мере	117104	41002	43	23	2.24
существование	117104	41002	27	16	2.24
котором	117104	41002	48	25	2.21
еще	117104	41002	90	42	2.20
называется	117104	41002	32	18	2.15
муки	117104	41002	21	13	2.11
не	117104	41002	1380	509	2.11
по	117104	41002	382	151	2.11
кто	117104	41002	61	30	2.11
чего	117104	41002	37	20	2.10
также	117104	41002	151	65	2.09
общей	117104	41002	19	12	2.08
включают	117104	41002	7	6	2.08
источник	117104	41002	7	6	2.08
общественным	117104	41002	7	6	2.08
ясного	117104	41002	7	6	2.08
Основные	117104	41002	7	6	2.08
наличия	117104	41002	7	6	2.08
удовлетворению	117104	41002	7	6	2.08
Признаки	117104	41002	7	6	2.08
моральное	117104	41002	7	6	2.08
компас	117104	41002	7	6	2.08
‍	117104	41002	7	6	2.08
написано	117104	41002	7	6	2.08
двух	117104	41002	28	16	2.06
выше	117104	41002	28	16	2.06
поскольку	117104	41002	35	19	2.05
структура	117104	41002	17	11	2.04
механизмов	117104	41002	15	10	2.02
считается	117104	41002	15	10	2.02
против	117104	41002	15	10	2.02
объяснение	117104	41002	15	10	2.02
являются	117104	41002	57	28	2.01
разновидности	117104	41002	9	7	2.01
факторами	117104	41002	9	7	2.01
основным	117104	41002	9	7	2.01
выражает	117104	41002	9	7	2.01
отметить	117104	41002	9	7	2.01
статус	117104	41002	9	7	2.01
Обычно	117104	41002	9	7	2.01
проблемой	117104	41002	9	7	2.01
иврите	117104	41002	9	7	2.01
Природа	117104	41002	9	7	2.01
определяет	117104	41002	26	15	2.01
пытается	117104	41002	13	9	2.00
ответить	117104	41002	13	9	2.00
элемент	117104	41002	13	9	2.00
аспекты	117104	41002	13	9	2.00
считал	117104	41002	13	9	2.00
науки	117104	41002	33	18	2.00
индивидуальное	117104	41002	11	8	1.99
главным	117104	41002	11	8	1.99
вызывает	117104	41002	11	8	1.99
психологии	117104	41002	70	33	1.97
процессы	117104	41002	60	29	1.96
совершенно	117104	41002	38	20	1.96
так	117104	41002	264	106	1.95
ее	117104	41002	159	67	1.94
философии	117104	41002	83	38	1.94
выступает	117104	41002	22	13	1.91
ученые	117104	41002	22	13	1.91
структуры	117104	41002	36	19	1.91
имеют	117104	41002	29	16	1.89
Павел	117104	41002	29	16	1.89
без	117104	41002	89	40	1.88
которых	117104	41002	66	31	1.87
бы	117104	41002	234	94	1.86
проблема	117104	41002	39	20	1.83
может	117104	41002	323	126	1.83
дисциплин	117104	41002	4	4	1.82
изучающих	117104	41002	4	4	1.82
ключе	117104	41002	4	4	1.82
контролем	117104	41002	4	4	1.82
предметное	117104	41002	4	4	1.82
страдают	117104	41002	4	4	1.82
данность	117104	41002	4	4	1.82
научная	117104	41002	4	4	1.82
на вопрос	117104	41002	4	4	1.82
происхождении	117104	41002	4	4	1.82
носителя	117104	41002	4	4	1.82
природное	117104	41002	4	4	1.82
Университета	117104	41002	4	4	1.82
характеристику	117104	41002	4	4	1.82
следствием	117104	41002	4	4	1.82
Соответственно	117104	41002	4	4	1.82
обладать	117104	41002	4	4	1.82
предполагают	117104	41002	4	4	1.82
степенью	117104	41002	4	4	1.82
Коллективное	117104	41002	4	4	1.82
доцент	117104	41002	4	4	1.82
описании	117104	41002	4	4	1.82
Изучением	117104	41002	4	4	1.82
Функциональный	117104	41002	4	4	1.82
наличием	117104	41002	4	4	1.82
хотим	117104	41002	4	4	1.82
фактов	117104	41002	4	4	1.82
возникнет	117104	41002	4	4	1.82
Наше	117104	41002	4	4	1.82
(«совесть	117104	41002	4	4	1.82
этико-религиозными	117104	41002	4	4	1.82
Ближайшим	117104	41002	4	4	1.82
«скрытое»	117104	41002	4	4	1.82
скрытый	117104	41002	4	4	1.82
(«компас»)	117104	41002	4	4	1.82
указывают	117104	41002	4	4	1.82
твоей	117104	41002	4	4	1.82
безусловный	117104	41002	4	4	1.82
отводится	117104	41002	4	4	1.82
испытывают	117104	41002	4	4	1.82
Некоторый	117104	41002	4	4	1.82
схоластической	117104	41002	4	4	1.82
почек»	117104	41002	4	4	1.82
А ещё	117104	41002	4	4	1.82
бомбу	117104	41002	4	4	1.82
чистоты	117104	41002	4	4	1.82
Народные	117104	41002	4	4	1.82
пословицы	117104	41002	4	4	1.82
уподобил	117104	41002	4	4	1.82
сожженной	117104	41002	4	4	1.82
обвиняют	117104	41002	4	4	1.82
нечистой	117104	41002	4	4	1.82
испытывал	117104	41002	4	4	1.82
кричит	117104	41002	4	4	1.82
обвиняющие	117104	41002	4	4	1.82
Чистая	117104	41002	4	4	1.82
библейской	117104	41002	4	4	1.82
интегральной	117104	41002	4	4	1.82
Храни	117104	41002	4	4	1.82
становится	117104	41002	59	28	1.82
вопроса	117104	41002	18	11	1.82
терминах	117104	41002	18	11	1.82
глубоко	117104	41002	18	11	1.82
анализ	117104	41002	18	11	1.82
на	117104	41002	892	328	1.82
только	117104	41002	277	109	1.80
нет	117104	41002	106	46	1.80
которое	117104	41002	114	49	1.79
развития	117104	41002	67	31	1.79
способностей	117104	41002	16	10	1.78
типов	117104	41002	16	10	1.78
нашу	117104	41002	16	10	1.78
сказал	117104	41002	16	10	1.78
Можно	117104	41002	23	13	1.74
философы	117104	41002	23	13	1.74
явлений	117104	41002	23	13	1.74
наша	117104	41002	23	13	1.74
современной	117104	41002	14	9	1.74
характеристики	117104	41002	14	9	1.74
лишь	117104	41002	73	33	1.73
быть	117104	41002	194	78	1.72
Для	117104	41002	45	22	1.72
вывод	117104	41002	12	8	1.70
пожалуй	117104	41002	12	8	1.70
ткани	117104	41002	12	8	1.70
настолько	117104	41002	12	8	1.70
создать	117104	41002	12	8	1.70
сердцах	117104	41002	12	8	1.70
формирование	117104	41002	28	15	1.70
проявляет	117104	41002	6	5	1.69
широкое	117104	41002	6	5	1.69
определял	117104	41002	6	5	1.69
взаимодействии	117104	41002	6	5	1.69
эволюционное	117104	41002	6	5	1.69
важных	117104	41002	6	5	1.69
нарушениях	117104	41002	6	5	1.69
споры	117104	41002	6	5	1.69
мышлением	117104	41002	6	5	1.69
единого	117104	41002	6	5	1.69
конечном	117104	41002	6	5	1.69
самостоятельной	117104	41002	6	5	1.69
описание	117104	41002	6	5	1.69
потока	117104	41002	6	5	1.69
изучение	117104	41002	6	5	1.69
[Как	117104	41002	6	5	1.69
называть	117104	41002	6	5	1.69
Примеры	117104	41002	6	5	1.69
свойственно	117104	41002	6	5	1.69
характеристик	117104	41002	6	5	1.69
теориях	117104	41002	6	5	1.69
стараются	117104	41002	6	5	1.69
помещается	117104	41002	6	5	1.69
общему	117104	41002	6	5	1.69
учений	117104	41002	6	5	1.69
правильного	117104	41002	6	5	1.69
христианстве	117104	41002	6	5	1.69
отмечает	117104	41002	6	5	1.69
Является	117104	41002	6	5	1.69
обличает	117104	41002	6	5	1.69
хотя	117104	41002	53	25	1.68
было	117104	41002	79	35	1.68
понимают	117104	41002	10	7	1.67
существовании	117104	41002	10	7	1.67
виды	117104	41002	10	7	1.67
категории	117104	41002	10	7	1.67
вновь	117104	41002	10	7	1.67
говорим	117104	41002	10	7	1.67
апостол	117104	41002	10	7	1.67
очищает	117104	41002	10	7	1.67
поступили	117104	41002	10	7	1.67
уровне	117104	41002	48	23	1.67
каковы	117104	41002	8	6	1.66
возникновение	117104	41002	8	6	1.66
признаки	117104	41002	8	6	1.66
естественное	117104	41002	8	6	1.66
уровней	117104	41002	8	6	1.66
сложных	117104	41002	8	6	1.66
итоге	117104	41002	8	6	1.66
раньше	117104	41002	8	6	1.66
нарушение	117104	41002	8	6	1.66
мацпун	117104	41002	8	6	1.66
укоры	117104	41002	8	6	1.66
которые	117104	41002	188	75	1.65
состоит	117104	41002	56	26	1.64
представления	117104	41002	26	14	1.64
зависит	117104	41002	26	14	1.64
или	117104	41002	669	244	1.63
указывает	117104	41002	31	16	1.62
из	117104	41002	382	143	1.59
мозге	117104	41002	24	13	1.59
словами	117104	41002	24	13	1.59
важно	117104	41002	24	13	1.59
найти	117104	41002	24	13	1.59
возникновения	117104	41002	17	10	1.58
уровни	117104	41002	17	10	1.58
нравственного	117104	41002	29	15	1.57
к	117104	41002	657	237	1.56
проявляется	117104	41002	22	12	1.53
элементов	117104	41002	22	12	1.53
связаны	117104	41002	22	12	1.53
рассматривается	117104	41002	15	9	1.53
физические	117104	41002	15	9	1.53
Существует	117104	41002	15	9	1.53
выделяют	117104	41002	15	9	1.53
голоса	117104	41002	15	9	1.53
от	117104	41002	497	181	1.52
основе	117104	41002	37	18	1.51
факт	117104	41002	27	14	1.51
тех	117104	41002	45	21	1.49
стать	117104	41002	20	11	1.47
силы	117104	41002	20	11	1.47
философия	117104	41002	13	8	1.47
единства	117104	41002	13	8	1.47
(например	117104	41002	13	8	1.47
понятиями	117104	41002	13	8	1.47
нравственное	117104	41002	13	8	1.47
обычно	117104	41002	25	13	1.46
нужна	117104	41002	25	13	1.46
механизм	117104	41002	25	13	1.46
исследования	117104	41002	30	15	1.45
одной	117104	41002	30	15	1.45
действие	117104	41002	30	15	1.45
все	117104	41002	202	77	1.42
Согласно	117104	41002	38	18	1.42
интеллекта	117104	41002	11	7	1.42
психологических	117104	41002	11	7	1.42
обладают	117104	41002	11	7	1.42
Тонони	117104	41002	11	7	1.42
получает	117104	41002	11	7	1.42
меньшей	117104	41002	11	7	1.42
литературе	117104	41002	11	7	1.42
пытаются	117104	41002	11	7	1.42
говорил	117104	41002	11	7	1.42
предметом	117104	41002	18	10	1.41
изучения	117104	41002	18	10	1.41
функций	117104	41002	18	10	1.41
Вселенной	117104	41002	18	10	1.41
первый	117104	41002	18	10	1.41
теорию	117104	41002	18	10	1.41
сразу	117104	41002	18	10	1.41
взгляд	117104	41002	18	10	1.41
понять	117104	41002	46	21	1.41
Есть	117104	41002	28	14	1.40
иметь	117104	41002	23	12	1.40
здесь	117104	41002	23	12	1.40
стороны	117104	41002	49	22	1.38
чем	117104	41002	107	43	1.37
коме	117104	41002	9	6	1.37
происхождения	117104	41002	9	6	1.37
проблеме	117104	41002	9	6	1.37
содержанием	117104	41002	9	6	1.37
сохранить	117104	41002	9	6	1.37
легко	117104	41002	9	6	1.37
начинают	117104	41002	9	6	1.37
сфере	117104	41002	9	6	1.37
развитием	117104	41002	9	6	1.37
очевидно	117104	41002	9	6	1.37
Где	117104	41002	9	6	1.37
учение	117104	41002	9	6	1.37
культурно-исторической	117104	41002	3	3	1.37
включающую	117104	41002	3	3	1.37
физическому	117104	41002	3	3	1.37
Основным	117104	41002	3	3	1.37
сопоставляется	117104	41002	3	3	1.37
опыта»	117104	41002	3	3	1.37
кажутся	117104	41002	3	3	1.37
произвольно	117104	41002	3	3	1.37
Трудная	117104	41002	3	3	1.37
сложность	117104	41002	3	3	1.37
Главные	117104	41002	3	3	1.37
Условно	117104	41002	3	3	1.37
выделение	117104	41002	3	3	1.37
довольно	117104	41002	3	3	1.37
Главным	117104	41002	3	3	1.37
Отсутствие	117104	41002	3	3	1.37
поведенческие	117104	41002	3	3	1.37
на тему	117104	41002	3	3	1.37
Взаимодействие	117104	41002	3	3	1.37
привело	117104	41002	3	3	1.37
достаточный	117104	41002	3	3	1.37
локализации	117104	41002	3	3	1.37
загадочным	117104	41002	3	3	1.37
основанное	117104	41002	3	3	1.37
аспекте	117104	41002	3	3	1.37
пребывают	117104	41002	3	3	1.37
градаций	117104	41002	3	3	1.37
фактами	117104	41002	3	3	1.37
обработку	117104	41002	3	3	1.37
группового	117104	41002	3	3	1.37
компонентами	117104	41002	3	3	1.37
слоя	117104	41002	3	3	1.37
отражательная	117104	41002	3	3	1.37
основной	117104	41002	3	3	1.37
важнейшее	117104	41002	3	3	1.37
определяемые	117104	41002	3	3	1.37
лампа	117104	41002	3	3	1.37
движениями	117104	41002	3	3	1.37
взаимосвязанных	117104	41002	3	3	1.37
элементов —	117104	41002	3	3	1.37
действительное	117104	41002	3	3	1.37
психологического	117104	41002	3	3	1.37
похожи	117104	41002	3	3	1.37
посмотрим	117104	41002	3	3	1.37
верить	117104	41002	3	3	1.37
верна	117104	41002	3	3	1.37
фундаментальным	117104	41002	3	3	1.37
уверен	117104	41002	3	3	1.37
потерял	117104	41002	3	3	1.37
приобретает	117104	41002	3	3	1.37
лежащие	117104	41002	3	3	1.37
выделяются	117104	41002	3	3	1.37
развитое	117104	41002	3	3	1.37
слой	117104	41002	3	3	1.37
участия	117104	41002	3	3	1.37
и свойства	117104	41002	3	3	1.37
глубокое	117104	41002	3	3	1.37
несознательными	117104	41002	3	3	1.37
Дескриптивный	117104	41002	3	3	1.37
Объяснительный	117104	41002	3	3	1.37
доказывали	117104	41002	3	3	1.37
вероятным	117104	41002	3	3	1.37
акцент	117104	41002	3	3	1.37
источнике	117104	41002	3	3	1.37
сыграл	117104	41002	3	3	1.37
[Baars	117104	41002	3	3	1.37
ASSC)	117104	41002	3	3	1.37
конференции	117104	41002	3	3	1.37
[Rosenthal	117104	41002	3	3	1.37
[Carruthers	117104	41002	3	3	1.37
уяснить	117104	41002	3	3	1.37
квалитативное	117104	41002	3	3	1.37
надлежащего	117104	41002	3	3	1.37
1998]	117104	41002	3	3	1.37
называемых	117104	41002	3	3	1.37
1982	117104	41002	3	3	1.37
метаментальное	117104	41002	3	3	1.37
метафизических	117104	41002	3	3	1.37
категорию	117104	41002	3	3	1.37
примером	117104	41002	3	3	1.37
источников	117104	41002	3	3	1.37
анестезиолог	117104	41002	3	3	1.37
доводов	117104	41002	3	3	1.37
древней	117104	41002	3	3	1.37
память) —	117104	41002	3	3	1.37
правом	117104	41002	3	3	1.37
IIT	117104	41002	3	3	1.37
сложно	117104	41002	3	3	1.37
нейрофизиологических	117104	41002	3	3	1.37
приписывается	117104	41002	3	3	1.37
концепцией	117104	41002	3	3	1.37
Многочисленные	117104	41002	3	3	1.37
идеальность	117104	41002	3	3	1.37
явлениям	117104	41002	3	3	1.37
каждым	117104	41002	3	3	1.37
неким	117104	41002	3	3	1.37
сущее	117104	41002	3	3	1.37
утилитарно-ассоциационному	117104	41002	3	3	1.37
отличных	117104	41002	3	3	1.37
долга»	117104	41002	3	3	1.37
жизни»	117104	41002	3	3	1.37
живы	117104	41002	3	3	1.37
владеет	117104	41002	3	3	1.37
Даль	117104	41002	3	3	1.37
помыслы	117104	41002	3	3	1.37
договариваться	117104	41002	3	3	1.37
бьет	117104	41002	3	3	1.37
взрослой	117104	41002	3	3	1.37
открыто	117104	41002	3	3	1.37
Даля	117104	41002	3	3	1.37
выгоде	117104	41002	3	3	1.37
муках	117104	41002	3	3	1.37
занятиям	117104	41002	3	3	1.37
стороне	117104	41002	3	3	1.37
ложной	117104	41002	3	3	1.37
нелегко	117104	41002	3	3	1.37
непреложный	117104	41002	3	3	1.37
указатель	117104	41002	3	3	1.37
живую	117104	41002	3	3	1.37
силлогизмом	117104	41002	3	3	1.37
живущий	117104	41002	3	3	1.37
честь	117104	41002	3	3	1.37
гласом	117104	41002	3	3	1.37
естественного	117104	41002	3	3	1.37
общественная	117104	41002	3	3	1.37
сбросивший	117104	41002	3	3	1.37
разбудить	117104	41002	3	3	1.37
проповеди	117104	41002	3	3	1.37
намерениям	117104	41002	3	3	1.37
порочной	117104	41002	3	3	1.37
“от	117104	41002	3	3	1.37
дел”	117104	41002	3	3	1.37
(Ев	117104	41002	3	3	1.37
чуткости	117104	41002	3	3	1.37
проявлением	117104	41002	3	3	1.37
обнаруживают	117104	41002	3	3	1.37
диктовали	117104	41002	3	3	1.37
требований	117104	41002	3	3	1.37
порокам	117104	41002	3	3	1.37
удовлетворять	117104	41002	3	3	1.37
попирая	117104	41002	3	3	1.37
сжигает	117104	41002	3	3	1.37
примирение	117104	41002	3	3	1.37
авторитету	117104	41002	3	3	1.37
пренебрежение	117104	41002	3	3	1.37
(1Пт	117104	41002	3	3	1.37
личная	117104	41002	3	3	1.37
Святые	117104	41002	3	3	1.37
пробудилась	117104	41002	3	3	1.37
нужна]Если	117104	41002	3	3	1.37
могут	117104	41002	127	50	1.37
нас	117104	41002	133	52	1.36
Если	117104	41002	136	53	1.35
чём	117104	41002	16	9	1.35
такая	117104	41002	16	9	1.35
частности	117104	41002	16	9	1.35
следовательно	117104	41002	16	9	1.35
примеру	117104	41002	16	9	1.35
имеет	117104	41002	88	36	1.35
иной	117104	41002	21	11	1.34
материи	117104	41002	21	11	1.34
играет	117104	41002	21	11	1.34
словаре	117104	41002	7	5	1.33
свойственная	117104	41002	7	5	1.33
единой	117104	41002	7	5	1.33
Выделяют	117104	41002	7	5	1.33
функционирование	117104	41002	7	5	1.33
подсознанием	117104	41002	7	5	1.33
признаком	117104	41002	7	5	1.33
1)	117104	41002	7	5	1.33
зачастую	117104	41002	7	5	1.33
Одним	117104	41002	7	5	1.33
теориями	117104	41002	7	5	1.33
исследование	117104	41002	7	5	1.33
2000]	117104	41002	7	5	1.33
аспекта	117104	41002	7	5	1.33
каузально	117104	41002	7	5	1.33
современном	117104	41002	7	5	1.33
простых	117104	41002	7	5	1.33
корень	117104	41002	7	5	1.33
послании	117104	41002	7	5	1.33
твоя	117104	41002	7	5	1.33
Йешилдал	117104	41002	7	5	1.33
Библия	117104	41002	7	5	1.33
пробудить	117104	41002	7	5	1.33
лукавая	117104	41002	7	5	1.33
степени	117104	41002	50	22	1.32
часто	117104	41002	50	22	1.32
чувств	117104	41002	34	16	1.32
рамки	117104	41002	5	4	1.31
открывается	117104	41002	5	4	1.31
вплоть	117104	41002	5	4	1.31
отрыве	117104	41002	5	4	1.31
Нарушение	117104	41002	5	4	1.31
семь	117104	41002	5	4	1.31
обеспечивающих	117104	41002	5	4	1.31
свойственна	117104	41002	5	4	1.31
акты	117104	41002	5	4	1.31
вывести	117104	41002	5	4	1.31
взрослого	117104	41002	5	4	1.31
рефлексивного	117104	41002	5	4	1.31
потеря	117104	41002	5	4	1.31
каких	117104	41002	5	4	1.31
разнообразных	117104	41002	5	4	1.31
изучению	117104	41002	5	4	1.31
Очевидно	117104	41002	5	4	1.31
квантовые	117104	41002	5	4	1.31
правил	117104	41002	5	4	1.31
Механизм	117104	41002	5	4	1.31
Леонтьева	117104	41002	5	4	1.31
функционировании	117104	41002	5	4	1.31
возникновению	117104	41002	5	4	1.31
взаимосвязи	117104	41002	5	4	1.31
изображения	117104	41002	5	4	1.31
находящиеся	117104	41002	5	4	1.31
конкретные	117104	41002	5	4	1.31
^([9])	117104	41002	5	4	1.31
субъективность	117104	41002	5	4	1.31
заслуживает	117104	41002	5	4	1.31
связанные	117104	41002	5	4	1.31
философию	117104	41002	5	4	1.31
университета	117104	41002	5	4	1.31
ищут	117104	41002	5	4	1.31
аспектами	117104	41002	5	4	1.31
социальную	117104	41002	5	4	1.31
утверждать	117104	41002	5	4	1.31
общего	117104	41002	5	4	1.31
подобным	117104	41002	5	4	1.31
успеха	117104	41002	5	4	1.31
«почему»	117104	41002	5	4	1.31
попытка	117104	41002	5	4	1.31
Кстати	117104	41002	5	4	1.31
моя	117104	41002	5	4	1.31
делали	117104	41002	5	4	1.31
выработки	117104	41002	5	4	1.31
непосредственное	117104	41002	5	4	1.31
долгом	117104	41002	5	4	1.31
законодателя	117104	41002	5	4	1.31
свидетеля	117104	41002	5	4	1.31
(греч	117104	41002	5	4	1.31
божественный	117104	41002	5	4	1.31
«муки	117104	41002	5	4	1.31
Святого	117104	41002	5	4	1.31
вере	117104	41002	5	4	1.31
мертвых	117104	41002	5	4	1.31
попирает	117104	41002	5	4	1.31
гордыни	117104	41002	5	4	1.31
оправдывающие	117104	41002	5	4	1.31
коллективной	117104	41002	5	4	1.31
он	117104	41002	271	96	1.30
работы	117104	41002	29	14	1.30
предполагает	117104	41002	29	14	1.30
начинает	117104	41002	29	14	1.30
воли	117104	41002	29	14	1.30
они	117104	41002	168	63	1.30
избавиться	117104	41002	14	8	1.29
развитие	117104	41002	24	12	1.28
будто	117104	41002	24	12	1.28
собственной	117104	41002	19	10	1.28
Итак	117104	41002	19	10	1.28
вины	117104	41002	40	18	1.27
во	117104	41002	134	51	1.27
реальности	117104	41002	62	26	1.27
она	117104	41002	217	78	1.27
природы	117104	41002	32	15	1.27
возможно	117104	41002	32	15	1.27
который	117104	41002	161	60	1.26
когда	117104	41002	180	66	1.26
собой	117104	41002	88	35	1.25
внутреннее	117104	41002	27	13	1.24
её	117104	41002	71	29	1.24
некоторые	117104	41002	35	16	1.24
Однако	117104	41002	46	20	1.23
нашей	117104	41002	46	20	1.23
собственно	117104	41002	12	7	1.23
реальностью	117104	41002	12	7	1.23
использует	117104	41002	12	7	1.23
описывает	117104	41002	12	7	1.23
появление	117104	41002	12	7	1.23
совокупность	117104	41002	12	7	1.23
операций	117104	41002	12	7	1.23
проходит	117104	41002	12	7	1.23
феномена	117104	41002	12	7	1.23
одним	117104	41002	12	7	1.23
другого	117104	41002	12	7	1.23
мучить	117104	41002	12	7	1.23
проявлений	117104	41002	12	7	1.23
угрызениями	117104	41002	12	7	1.23
из-за	117104	41002	22	11	1.22
процессов	117104	41002	49	21	1.22
мозга	117104	41002	165	60	1.22
ни	117104	41002	98	38	1.21
подход	117104	41002	17	9	1.21
формирования	117104	41002	17	9	1.21
Из	117104	41002	17	9	1.21
служит	117104	41002	17	9	1.21
свойств	117104	41002	30	14	1.21
человеческой	117104	41002	30	14	1.21
если	117104	41002	184	64	1.21
Поэтому	117104	41002	52	22	1.21
возможность	117104	41002	52	22	1.21
более	117104	41002	141	52	1.20
которой	117104	41002	75	30	1.20
смысле	117104	41002	58	24	1.19
всегда	117104	41002	87	34	1.19
которая	117104	41002	108	41	1.19
способность	117104	41002	105	40	1.19
внутри	117104	41002	33	15	1.19
находится	117104	41002	33	15	1.19
стыда	117104	41002	25	12	1.19
воспитания	117104	41002	25	12	1.19
дает	117104	41002	47	20	1.18
памяти	117104	41002	47	20	1.18
чтобы	117104	41002	131	48	1.17
способности	117104	41002	36	16	1.17
чувство	117104	41002	88	34	1.17
которого	117104	41002	53	22	1.16
существования	117104	41002	20	10	1.16
множество	117104	41002	20	10	1.16
ума	117104	41002	20	10	1.16
подобно	117104	41002	20	10	1.16
мысль	117104	41002	20	10	1.16
форму	117104	41002	10	6	1.16
отдельных	117104	41002	10	6	1.16
та	117104	41002	10	6	1.16
(или	117104	41002	10	6	1.16
нейронных	117104	41002	10	6	1.16
отношениях	117104	41002	10	6	1.16
коре	117104	41002	10	6	1.16
Чалмерс	117104	41002	10	6	1.16
нужны	117104	41002	10	6	1.16
физики	117104	41002	10	6	1.16
связан	117104	41002	10	6	1.16
фундаментальной	117104	41002	10	6	1.16
думаю	117104	41002	10	6	1.16
главный	117104	41002	10	6	1.16
чисто	117104	41002	10	6	1.16
столько	117104	41002	10	6	1.16
сколько	117104	41002	10	6	1.16
Через	117104	41002	10	6	1.16
грехопадения	117104	41002	10	6	1.16
достаточно	117104	41002	28	13	1.16
видов	117104	41002	15	8	1.15
столь	117104	41002	15	8	1.15
стоит	117104	41002	15	8	1.15
факторов	117104	41002	15	8	1.15
черты	117104	41002	15	8	1.15
называет	117104	41002	15	8	1.15
силой	117104	41002	15	8	1.15
через	117104	41002	77	30	1.14
со	117104	41002	116	42	1.13
дух	117104	41002	23	11	1.13
некоторых	117104	41002	23	11	1.13
переживаний	117104	41002	23	11	1.13
нами	117104	41002	23	11	1.13
определение	117104	41002	34	15	1.12
означает	117104	41002	34	15	1.12
перед	117104	41002	69	27	1.12
точки	117104	41002	66	26	1.12
время	117104	41002	104	38	1.11
деятельности	117104	41002	112	40	1.11
каждого	117104	41002	40	17	1.10
проблемы	117104	41002	26	12	1.10
заключается	117104	41002	26	12	1.10
феномен	117104	41002	26	12	1.10
зрения	117104	41002	82	31	1.10
какой	117104	41002	18	9	1.10
существ	117104	41002	18	9	1.10
самой	117104	41002	18	9	1.10
Благодаря	117104	41002	18	9	1.10
пор	117104	41002	18	9	1.10
личной	117104	41002	18	9	1.10
под	117104	41002	76	29	1.10
личности	117104	41002	89	33	1.09
больше	117104	41002	46	19	1.09
искусственного	117104	41002	8	5	1.09
находящихся	117104	41002	8	5	1.09
характеризуется	117104	41002	8	5	1.09
взаимодействие	117104	41002	8	5	1.09
возникло	117104	41002	8	5	1.09
возникла	117104	41002	8	5	1.09
работе	117104	41002	8	5	1.09
отсутствует	117104	41002	8	5	1.09
ряда	117104	41002	8	5	1.09
Дэвид	117104	41002	8	5	1.09
бодрствование	117104	41002	8	5	1.09
отличаются	117104	41002	8	5	1.09
Получается	117104	41002	8	5	1.09
изначально	117104	41002	8	5	1.09
чистоту	117104	41002	8	5	1.09
услышать	117104	41002	8	5	1.09
При	117104	41002	55	22	1.09
понятий	117104	41002	29	13	1.09
очень	117104	41002	83	31	1.09
принято	117104	41002	13	7	1.08
некоторое	117104	41002	13	7	1.08
когнитивных	117104	41002	13	7	1.08
внешние	117104	41002	13	7	1.08
ясности	117104	41002	13	7	1.08
выполняет	117104	41002	13	7	1.08
именно	117104	41002	74	28	1.08
мнению	117104	41002	32	14	1.08
об	117104	41002	71	27	1.07
информации	117104	41002	71	27	1.07
характер	117104	41002	21	10	1.07
своего	117104	41002	65	25	1.07
мир	117104	41002	93	33	1.07
состояние	117104	41002	93	33	1.07
действия	117104	41002	89	32	1.06
них	117104	41002	89	32	1.06
состоянии	117104	41002	44	18	1.06
всех	117104	41002	87	31	1.05
результате	117104	41002	27	12	1.04
одновременно	117104	41002	16	8	1.03
внутренней	117104	41002	16	8	1.03
языка	117104	41002	16	8	1.03
начала	117104	41002	16	8	1.03
исследований	117104	41002	16	8	1.03
вообще	117104	41002	30	13	1.03
такой	117104	41002	51	20	1.03
таким	117104	41002	36	15	1.02
понимание	117104	41002	36	15	1.02
тоже	117104	41002	36	15	1.02
той	117104	41002	36	15	1.02
внимания	117104	41002	42	17	1.02
закона	117104	41002	42	17	1.02
рассмотрения	117104	41002	6	4	1.02
компьютера	117104	41002	6	4	1.02
концепцию	117104	41002	6	4	1.02
функциональном	117104	41002	6	4	1.02
представители	117104	41002	6	4	1.02
способностями	117104	41002	6	4	1.02
черта	117104	41002	6	4	1.02
бессознательные	117104	41002	6	4	1.02
вследствие	117104	41002	6	4	1.02
представлениями	117104	41002	6	4	1.02
коллективного	117104	41002	6	4	1.02
вещества	117104	41002	6	4	1.02
любое	117104	41002	6	4	1.02
Общая	117104	41002	6	4	1.02
информационная	117104	41002	6	4	1.02
изучении	117104	41002	6	4	1.02
интерес	117104	41002	6	4	1.02
Следовательно	117104	41002	6	4	1.02
рассмотреть	117104	41002	6	4	1.02
практики	117104	41002	6	4	1.02
целостного	117104	41002	6	4	1.02
помимо	117104	41002	6	4	1.02
определенную	117104	41002	6	4	1.02
появилось	117104	41002	6	4	1.02
ценность	117104	41002	6	4	1.02
кратковременной	117104	41002	6	4	1.02
предсказать	117104	41002	6	4	1.02
немало	117104	41002	6	4	1.02
динамики	117104	41002	6	4	1.02
идею	117104	41002	6	4	1.02
направлено	117104	41002	6	4	1.02
чертой	117104	41002	6	4	1.02
целый	117104	41002	6	4	1.02
статуса	117104	41002	6	4	1.02
подобной	117104	41002	6	4	1.02
признают	117104	41002	6	4	1.02
случаи	117104	41002	6	4	1.02
присущи	117104	41002	6	4	1.02
второй	117104	41002	6	4	1.02
основная	117104	41002	6	4	1.02
спит	117104	41002	6	4	1.02
важен	117104	41002	6	4	1.02
Сократа	117104	41002	6	4	1.02
интуитивизма	117104	41002	6	4	1.02
Сенека	117104	41002	6	4	1.02
очистить	117104	41002	6	4	1.02
Махир	117104	41002	6	4	1.02
Кто	117104	41002	6	4	1.02
берется	117104	41002	6	4	1.02
рефлексии	117104	41002	19	9	1.01
общее	117104	41002	19	9	1.01
внешнего	117104	41002	19	9	1.01
Чтобы	117104	41002	19	9	1.01
любого	117104	41002	19	9	1.01
рассудок	117104	41002	11	6	1.01
множества	117104	41002	11	6	1.01
входят	117104	41002	11	6	1.01
конкретного	117104	41002	11	6	1.01
стало	117104	41002	11	6	1.01
проявления	117104	41002	11	6	1.01
контексте	117104	41002	11	6	1.01
научной	117104	41002	11	6	1.01
подробно	117104	41002	11	6	1.01
Подобные	117104	41002	11	6	1.01
Писании	117104	41002	11	6	1.01
прислушиваться	117104	41002	11	6	1.01
происходит	117104	41002	59	22	1.00
одного	117104	41002	22	10	0.99
физических	117104	41002	22	10	0.99
содержание	117104	41002	22	10	0.99
значение	117104	41002	43	17	0.99
после	117104	41002	53	20	0.99
жизнь	117104	41002	53	20	0.99
самым	117104	41002	25	11	0.98
целом	117104	41002	25	11	0.98
непосредственно	117104	41002	25	11	0.98
могли	117104	41002	25	11	0.98
отношение	117104	41002	37	15	0.98
знания	117104	41002	37	15	0.98
связи	117104	41002	37	15	0.98
деятельность	117104	41002	37	15	0.98
Бог	117104	41002	34	14	0.98
мышления	117104	41002	31	13	0.98
совсем	117104	41002	31	13	0.98
На	117104	41002	59	21	0.97
концепции	117104	41002	14	7	0.97
Под	117104	41002	14	7	0.97
условий	117104	41002	14	7	0.97
каким	117104	41002	14	7	0.97
интегрированной	117104	41002	14	7	0.97
ошибки	117104	41002	14	7	0.97
благодаря	117104	41002	41	16	0.96
тот	117104	41002	48	18	0.96
значит	117104	41002	48	18	0.96
закон	117104	41002	52	19	0.95
естественных	117104	41002	4	3	0.95
полюса	117104	41002	4	3	0.95
соотносительного	117104	41002	4	3	0.95
всеобщее	117104	41002	4	3	0.95
какова	117104	41002	4	3	0.95
