token	corpus size	all contexts size	frequency	co-frequency	specificity
la	16577	5781	898	462	25.32
de	16577	5781	1046	440	6.97
es	16577	5781	192	95	5.02
La	16577	5781	101	54	4.28
primaria	16577	5781	7	7	3.20
superior	16577	5781	7	7	3.20
teoría	16577	5781	32	20	3.04
poner	16577	5781	6	6	2.75
problema	16577	5781	23	15	2.66
sería	16577	5781	15	11	2.64
definición	16577	5781	19	13	2.63
implica	16577	5781	8	7	2.49
acceso	16577	5781	8	7	2.49
el	16577	5781	375	151	2.42
como	16577	5781	111	51	2.38
cómo	16577	5781	18	12	2.34
mayor	16577	5781	16	11	2.32
humana	16577	5781	5	5	2.29
conceptual	16577	5781	5	5	2.29
a	16577	5781	226	94	2.23
una	16577	5781	160	69	2.21
misterio	16577	5781	7	6	2.09
robótica	16577	5781	7	6	2.09
elemento	16577	5781	15	10	2.03
sobre	16577	5781	81	37	1.93
conciencia	16577	5781	84	38	1.89
ha	16577	5781	20	12	1.88
vocablo	16577	5781	4	4	1.83
¿Conciencia	16577	5781	4	4	1.83
cuándo	16577	5781	4	4	1.83
cuales	16577	5781	4	4	1.83
plena	16577	5781	4	4	1.83
aprender	16577	5781	4	4	1.83
más	16577	5781	80	36	1.81
tanto	16577	5781	35	18	1.75
tipos	16577	5781	6	5	1.70
complejidad	16577	5781	6	5	1.70
propiedad	16577	5781	6	5	1.70
comprender	16577	5781	8	6	1.67
propuesto	16577	5781	8	6	1.67
proceso	16577	5781	26	14	1.66
en	16577	5781	394	147	1.60
cerebral	16577	5781	20	11	1.48
que	16577	5781	474	171	1.48
esta	16577	5781	30	15	1.47
autores	16577	5781	11	7	1.43
clave	16577	5781	11	7	1.43
con	16577	5781	118	47	1.40
humanos	16577	5781	9	6	1.38
mayores	16577	5781	3	3	1.37
David	16577	5781	3	3	1.37
sinónimo	16577	5781	3	3	1.37
ahí	16577	5781	3	3	1.37
desentrañar	16577	5781	3	3	1.37
corticales	16577	5781	3	3	1.37
presencia	16577	5781	3	3	1.37
debería	16577	5781	3	3	1.37
estaría	16577	5781	3	3	1.37
Problemas	16577	5781	3	3	1.37
neurofisiológicos	16577	5781	3	3	1.37
orden	16577	5781	3	3	1.37
Confusión	16577	5781	3	3	1.37
identifica	16577	5781	3	3	1.37
para	16577	5781	94	38	1.35
pero	16577	5781	21	11	1.35
se	16577	5781	166	63	1.34
podría	16577	5781	7	5	1.34
algunos	16577	5781	7	5	1.34
seres	16577	5781	7	5	1.34
explicación	16577	5781	7	5	1.34
aspectos	16577	5781	7	5	1.34
hemos	16577	5781	7	5	1.34
modelo	16577	5781	7	5	1.34
conscientia	16577	5781	5	4	1.32
general	16577	5781	5	4	1.32
vivir	16577	5781	5	4	1.32
fenomenal	16577	5781	5	4	1.32
resolver	16577	5781	5	4	1.32
dar	16577	5781	5	4	1.32
representa	16577	5781	5	4	1.32
enfoque	16577	5781	5	4	1.32
Aleksander	16577	5781	5	4	1.32
teorías	16577	5781	24	12	1.29
los	16577	5781	183	67	1.26
al	16577	5781	57	24	1.25
lugar	16577	5781	12	7	1.24
neuronales	16577	5781	12	7	1.24
dos	16577	5781	12	7	1.24
concepto	16577	5781	12	7	1.24
un	16577	5781	172	60	1.19
filósofos	16577	5781	10	6	1.17
punto	16577	5781	10	6	1.17
partir	16577	5781	10	6	1.17
las	16577	5781	137	49	1.16
sentido	16577	5781	15	8	1.16
explicar	16577	5781	15	8	1.16
entre	16577	5781	51	21	1.14
estudio	16577	5781	18	9	1.11
niveles	16577	5781	8	5	1.10
fundamental	16577	5781	8	5	1.10
por	16577	5781	105	36	1.09
lo	16577	5781	95	33	1.07
decir	16577	5781	16	8	1.04
cuenta	16577	5781	6	4	1.03
todavía	16577	5781	6	4	1.03
sentir	16577	5781	6	4	1.03
definiciones	16577	5781	6	4	1.03
tema	16577	5781	6	4	1.03
sujeto	16577	5781	6	4	1.03
parece	16577	5781	6	4	1.03
Dunmall	16577	5781	6	4	1.03
otro	16577	5781	19	9	1.01
mi	16577	5781	11	6	1.01
cambio	16577	5781	11	6	1.01
ser	16577	5781	46	18	1.00
uno	16577	5781	22	10	1.00
han	16577	5781	25	11	0.99
según	16577	5781	14	7	0.97
confusión	16577	5781	4	3	0.96
diferenciar	16577	5781	4	3	0.96
complejos	16577	5781	4	3	0.96
propone	16577	5781	4	3	0.96
debido	16577	5781	4	3	0.96
básico	16577	5781	4	3	0.96
materia	16577	5781	4	3	0.96
supone	16577	5781	4	3	0.96
integrada	16577	5781	4	3	0.96
educación	16577	5781	4	3	0.96
Eccles	16577	5781	4	3	0.96
creencias	16577	5781	4	3	0.96
sentimos	16577	5781	4	3	0.96
puede	16577	5781	42	16	0.94
son	16577	5781	26	11	0.94
estado	16577	5781	26	11	0.94
tan	16577	5781	9	5	0.93
posible	16577	5781	9	5	0.93
encontrar	16577	5781	9	5	0.93
Editorial	16577	5781	2	2	0.92
Andrés	16577	5781	2	2	0.92
latino	16577	5781	2	2	0.92
radical	16577	5781	2	2	0.92
definió	16577	5781	2	2	0.92
aplicación	16577	5781	2	2	0.92
consideran	16577	5781	2	2	0.92
enigma	16577	5781	2	2	0.92
autoconocimiento	16577	5781	2	2	0.92
usar	16577	5781	2	2	0.92
sabes	16577	5781	2	2	0.92
ganar	16577	5781	2	2	0.92
después	16577	5781	2	2	0.92
habilidad	16577	5781	2	2	0.92
Locke	16577	5781	2	2	0.92
aparte	16577	5781	2	2	0.92
robots	16577	5781	2	2	0.92
correlatos	16577	5781	2	2	0.92
diccionario	16577	5781	2	2	0.92
basadas	16577	5781	2	2	0.92
tradicional	16577	5781	2	2	0.92
distingue	16577	5781	2	2	0.92
argumentado	16577	5781	2	2	0.92
accede	16577	5781	2	2	0.92
explicada	16577	5781	2	2	0.92
complicado	16577	5781	2	2	0.92
descritos	16577	5781	2	2	0.92
asunto	16577	5781	2	2	0.92
“La	16577	5781	2	2	0.92
conoce	16577	5781	2	2	0.92
“Los	16577	5781	2	2	0.92
temprana	16577	5781	2	2	0.92
único	16577	5781	2	2	0.92
simple	16577	5781	2	2	0.92
plantea	16577	5781	2	2	0.92
reciente	16577	5781	2	2	0.92
García	16577	5781	2	2	0.92
retos	16577	5781	2	2	0.92
actuales	16577	5781	2	2	0.92
mero	16577	5781	2	2	0.92
válidas	16577	5781	2	2	0.92
nunca	16577	5781	2	2	0.92
¿Por	16577	5781	2	2	0.92
tratado	16577	5781	2	2	0.92
numerosas	16577	5781	2	2	0.92
fin	16577	5781	2	2	0.92
primeras	16577	5781	2	2	0.92
metáfora	16577	5781	2	2	0.92
“representación	16577	5781	2	2	0.92
estructural	16577	5781	2	2	0.92
conscientesde	16577	5781	2	2	0.92
colapso	16577	5781	2	2	0.92
ritmo	16577	5781	2	2	0.92
recientemente	16577	5781	2	2	0.92
intrínseco	16577	5781	2	2	0.92
obstante	16577	5781	2	2	0.92
rasgo	16577	5781	2	2	0.92
atencionales	16577	5781	2	2	0.92
Alternar	16577	5781	2	2	0.92
subsección	16577	5781	2	2	0.92
cambia	16577	5781	2	2	0.92
formada	16577	5781	2	2	0.92
sueños	16577	5781	2	2	0.92
actividades	16577	5781	2	2	0.92
Educación	16577	5781	2	2	0.92
Física	16577	5781	2	2	0.92
aprendizaje	16577	5781	2	2	0.92
neurobiológicos	16577	5781	2	2	0.92
conjunción	16577	5781	2	2	0.92
Edelman	16577	5781	2	2	0.92
ciertas	16577	5781	2	2	0.92
acabar	16577	5781	2	2	0.92
oración	16577	5781	2	2	0.92
válido	16577	5781	2	2	0.92
Imágenes	16577	5781	2	2	0.92
narrativa	16577	5781	2	2	0.92
construcción	16577	5781	2	2	0.92
valor	16577	5781	2	2	0.92
diferencial	16577	5781	2	2	0.92
Ese	16577	5781	2	2	0.92
Gestalt	16577	5781	2	2	0.92
ego	16577	5781	2	2	0.92
ampliación	16577	5781	2	2	0.92
[Antonio	16577	5781	2	2	0.92
debatidos	16577	5781	2	2	0.92
elusivo	16577	5781	2	2	0.92
cual	16577	5781	12	6	0.90
hace	16577	5781	12	6	0.90
función	16577	5781	12	6	0.90
ciencia	16577	5781	12	6	0.90
tener	16577	5781	15	7	0.88
siempre	16577	5781	15	7	0.88
este	16577	5781	39	13	0.88
diferencias	16577	5781	7	4	0.84
libro	16577	5781	7	4	0.84
hacia	16577	5781	7	4	0.84
vista	16577	5781	7	4	0.84
fenómenos	16577	5781	7	4	0.84
valores	16577	5781	7	4	0.84
actividad	16577	5781	22	9	0.84
percepción	16577	5781	19	8	0.83
forma	16577	5781	31	11	0.83
artículo	16577	5781	16	7	0.82
Según	16577	5781	10	5	0.82
procesos	16577	5781	10	5	0.82
hay	16577	5781	13	6	0.81
ver	16577	5781	13	6	0.81
porque	16577	5781	13	6	0.81
términos	16577	5781	23	9	0.81
qué	16577	5781	23	9	0.81
mismo	16577	5781	27	9	0.80
mente	16577	5781	20	8	0.79
tiene	16577	5781	25	9	0.79
algo	16577	5781	25	9	0.79
Por	16577	5781	24	8	0.77
origen	16577	5781	5	3	0.74
resultado	16577	5781	5	3	0.74
Real	16577	5781	5	3	0.74
individuos	16577	5781	5	3	0.74
través	16577	5781	5	3	0.74
trata	16577	5781	5	3	0.74
contrario	16577	5781	5	3	0.74
perspectiva	16577	5781	5	3	0.74
filósofo	16577	5781	5	3	0.74
Hay	16577	5781	5	3	0.74
tres	16577	5781	5	3	0.74
pasa	16577	5781	5	3	0.74
calidad	16577	5781	5	3	0.74
elementos	16577	5781	5	3	0.74
nerviosos	16577	5781	5	3	0.74
diferentes	16577	5781	11	5	0.74
permite	16577	5781	11	5	0.74
mientras	16577	5781	11	5	0.74
también	16577	5781	19	7	0.73
nivel	16577	5781	19	6	0.73
entorno	16577	5781	19	6	0.73
naturaleza	16577	5781	8	4	0.73
entender	16577	5781	8	4	0.73
fenómeno	16577	5781	8	4	0.73
Chalmers	16577	5781	8	4	0.73
humano	16577	5781	8	4	0.73
poder	16577	5781	8	4	0.73
surge	16577	5781	8	4	0.73
propuesta	16577	5781	8	4	0.73
intervención	16577	5781	8	4	0.73
conocimiento	16577	5781	18	6	0.71
embargo	16577	5781	16	6	0.70
capacidad	16577	5781	17	6	0.70
subjetiva	16577	5781	12	5	0.69
ni	16577	5781	15	5	0.67
investigación	16577	5781	13	5	0.67
estar	16577	5781	13	5	0.67
vida	16577	5781	14	5	0.66
hecho	16577	5781	14	5	0.66
ya	16577	5781	9	4	0.66
distinción	16577	5781	9	4	0.66
término	16577	5781	9	4	0.66
Teorías	16577	5781	9	4	0.66
llega	16577	5781	9	4	0.66
propio	16577	5781	9	4	0.66
tenemos	16577	5781	13	4	0.65
¿Cómo	16577	5781	13	4	0.65
Si	16577	5781	6	3	0.63
percibir	16577	5781	6	3	0.63
respecto	16577	5781	6	3	0.63
existen	16577	5781	6	3	0.63
posibilidad	16577	5781	6	3	0.63
aceptada	16577	5781	6	3	0.63
mecanismos	16577	5781	6	3	0.63
constituye	16577	5781	6	3	0.63
relevantes	16577	5781	6	3	0.63
surgen	16577	5781	6	3	0.63
estructura	16577	5781	6	3	0.63
entendimiento	16577	5781	6	3	0.63
principio	16577	5781	6	3	0.63
pueden	16577	5781	12	4	0.63
neurociencia	16577	5781	12	4	0.63
Para	16577	5781	10	4	0.63
nuestras	16577	5781	10	4	0.63
cerebrales	16577	5781	10	4	0.63
Una	16577	5781	10	4	0.63
provienen	16577	5781	3	2	0.62
allá	16577	5781	3	2	0.62
serie	16577	5781	3	2	0.62
neurobiológica	16577	5781	3	2	0.62
debemos	16577	5781	3	2	0.62
utilizar	16577	5781	3	2	0.62
siguiente	16577	5781	3	2	0.62
último	16577	5781	3	2	0.62
tenido	16577	5781	3	2	0.62
esenciales	16577	5781	3	2	0.62
últimas	16577	5781	3	2	0.62
da	16577	5781	3	2	0.62
Block	16577	5781	3	2	0.62
llama	16577	5781	3	2	0.62
i	16577	5781	3	2	0.62
“la	16577	5781	3	2	0.62
tampoco	16577	5781	3	2	0.62
sigue	16577	5781	3	2	0.62
fue	16577	5781	3	2	0.62
contenido	16577	5781	3	2	0.62
resultados	16577	5781	3	2	0.62
anestésicos	16577	5781	3	2	0.62
continua	16577	5781	3	2	0.62
describen	16577	5781	3	2	0.62
epifenómeno	16577	5781	3	2	0.62
evaluar	16577	5781	3	2	0.62
formular	16577	5781	3	2	0.62
entidad	16577	5781	3	2	0.62
causa	16577	5781	3	2	0.62
criticado	16577	5781	3	2	0.62
explicarse	16577	5781	3	2	0.62
naturalista	16577	5781	3	2	0.62
agentes	16577	5781	3	2	0.62
sincronía	16577	5781	3	2	0.62
generación	16577	5781	3	2	0.62
sistemas	16577	5781	3	2	0.62
atribuir	16577	5781	3	2	0.62
esquema	16577	5781	3	2	0.62
atencional	16577	5781	3	2	0.62
produce	16577	5781	3	2	0.62
hipótesis	16577	5781	3	2	0.62
latín	16577	5781	3	2	0.62
cotidiana	16577	5781	3	2	0.62
orientada	16577	5781	3	2	0.62
relaciona	16577	5781	3	2	0.62
carácter	16577	5781	3	2	0.62
afirmar	16577	5781	3	2	0.62
delimita	16577	5781	3	2	0.62
definir	16577	5781	3	2	0.62
claves	16577	5781	3	2	0.62
condición	16577	5781	3	2	0.62
trabajamos	16577	5781	3	2	0.62
quiero	16577	5781	3	2	0.62
estados	16577	5781	11	4	0.62
Los	16577	5781	11	4	0.62
interior	16577	5781	11	4	0.62
podemos	16577	5781	11	4	0.62
aunque	16577	5781	11	4	0.62
todos	16577	5781	10	3	0.60
vez	16577	5781	10	3	0.60
física	16577	5781	10	3	0.60
va	16577	5781	7	3	0.57
muchos	16577	5781	7	3	0.57
otras	16577	5781	7	3	0.57
cuidado	16577	5781	7	3	0.57
yo	16577	5781	7	3	0.57
durante	16577	5781	7	3	0.57
Se	16577	5781	7	3	0.57
respuesta	16577	5781	7	3	0.57
dentro	16577	5781	7	3	0.57
comprensión	16577	5781	7	3	0.57
demás	16577	5781	7	3	0.57
genera	16577	5781	7	3	0.57
desarrollo	16577	5781	7	3	0.57
profesional	16577	5781	7	3	0.57
mayoría	16577	5781	9	3	0.57
diferencia	16577	5781	9	3	0.57
esto	16577	5781	9	3	0.57
relación	16577	5781	9	3	0.57
están	16577	5781	9	3	0.57
procesamiento	16577	5781	9	3	0.57
problemas	16577	5781	9	3	0.57
eso	16577	5781	9	3	0.57
Damasio	16577	5781	9	3	0.57
científicos	16577	5781	8	3	0.56
cuántica	16577	5781	8	3	0.56
misma	16577	5781	8	3	0.56
Un	16577	5781	8	3	0.56
nuestros	16577	5781	8	3	0.56
puedo	16577	5781	8	3	0.56
científica	16577	5781	7	2	0.52
palabra	16577	5781	7	2	0.52
social	16577	5781	7	2	0.52
décadas	16577	5781	7	2	0.52
cualquier	16577	5781	7	2	0.52
personal	16577	5781	7	2	0.52
visual	16577	5781	7	2	0.52
Esta	16577	5781	7	2	0.52
Desde	16577	5781	7	2	0.52
neuronas	16577	5781	7	2	0.52
presente	16577	5781	7	2	0.52
pregunta	16577	5781	7	2	0.52
Este	16577	5781	7	2	0.52
veces	16577	5781	7	2	0.52
historia	16577	5781	7	2	0.52
fruto	16577	5781	4	2	0.51
simplemente	16577	5781	4	2	0.51
bases	16577	5781	4	2	0.51
¿Cuál	16577	5781	4	2	0.51
lenguaje	16577	5781	4	2	0.51
largo	16577	5781	4	2	0.51
algunas	16577	5781	4	2	0.51
involucra	16577	5781	4	2	0.51
siendo	16577	5781	4	2	0.51
complejas	16577	5781	4	2	0.51
década	16577	5781	4	2	0.51
actual	16577	5781	4	2	0.51
agente	16577	5781	4	2	0.51
final	16577	5781	4	2	0.51
ahora	16577	5781	4	2	0.51
neurocientífico	16577	5781	4	2	0.51
preguntas	16577	5781	4	2	0.51
diferente	16577	5781	4	2	0.51
John	16577	5781	4	2	0.51
subjetivo	16577	5781	4	2	0.51
acceder	16577	5781	4	2	0.51
autor	16577	5781	4	2	0.51
crea	16577	5781	4	2	0.51
algún	16577	5781	4	2	0.51
nueva	16577	5781	4	2	0.51
mecánica	16577	5781	4	2	0.51
físicos	16577	5781	4	2	0.51
análisis	16577	5781	4	2	0.51
pedagógica	16577	5781	4	2	0.51
región	16577	5781	4	2	0.51
medida	16577	5781	4	2	0.51
recuperó	16577	5781	4	2	0.51
rapidez	16577	5781	4	2	0.51
imprescindible	16577	5781	4	2	0.51
Esa	16577	5781	4	2	0.51
aparece	16577	5781	4	2	0.51
debe	16577	5781	6	2	0.48
casos	16577	5781	6	2	0.48
cualidad	16577	5781	6	2	0.48
Aunque	16577	5781	6	2	0.48
pesar	16577	5781	6	2	0.48
difícil	16577	5781	6	2	0.48
individuo	16577	5781	6	2	0.48
revisión	16577	5781	6	2	0.48
redes	16577	5781	6	2	0.48
importantes	16577	5781	6	2	0.48
avances	16577	5781	6	2	0.48
cognitivas	16577	5781	6	2	0.48
neurocientíficas	16577	5781	6	2	0.48
lateoría	16577	5781	6	2	0.48
efecto	16577	5781	6	2	0.48
De	16577	5781	6	2	0.48
dónde	16577	5781	6	2	0.48
toda	16577	5781	6	2	0.48
viene	16577	5781	6	2	0.48
segundo	16577	5781	6	2	0.48
mental	16577	5781	5	2	0.47
Academia	16577	5781	5	2	0.47
ella	16577	5781	5	2	0.47
sabe	16577	5781	5	2	0.47
casi	16577	5781	5	2	0.47
nada	16577	5781	5	2	0.47
te	16577	5781	5	2	0.47
puedes	16577	5781	5	2	0.47
profunda	16577	5781	5	2	0.47
propiedades	16577	5781	5	2	0.47
él	16577	5781	5	2	0.47
anestesia	16577	5781	5	2	0.47
áreas	16577	5781	5	2	0.47
cognición	16577	5781	5	2	0.47
científicas	16577	5781	5	2	0.47
pueda	16577	5781	5	2	0.47
universo	16577	5781	5	2	0.47
incluso	16577	5781	5	2	0.47
corteza	16577	5781	5	2	0.47
dice	16577	5781	5	2	0.47
estructuras	16577	5781	5	2	0.47
primer	16577	5781	5	2	0.47
situación	16577	5781	5	2	0.47
mantener	16577	5781	5	2	0.47
indicadores	16577	5781	5	2	0.47
base	16577	5781	5	2	0.47
idea	16577	5781	5	2	0.47
objetivo	16577	5781	5	2	0.47
robot	16577	5781	5	2	0.47
cum	16577	5781	1	1	0.46
scientĭa	16577	5781	1	1	0.46
«con	16577	5781	1	1	0.46
conocimiento»	16577	5781	1	1	0.46
define	16577	5781	1	1	0.46
Crítica	16577	5781	1	1	0.46
1996	16577	5781	1	1	0.46
ISBN	16577	5781	1	1	0.46
categorizar	16577	5781	1	1	0.46
arroja	16577	5781	1	1	0.46
Cuerpo	16577	5781	1	1	0.46
fábrica	16577	5781	1	1	0.46
Chile	16577	5781	1	1	0.46
Bello	16577	5781	1	1	0.46
explicamos	16577	5781	1	1	0.46
(y	16577	5781	1	1	0.46
posee	16577	5781	1	1	0.46
prefijo	16577	5781	1	1	0.46
con-	16577	5781	1	1	0.46
(“unión”	16577	5781	1	1	0.46
Panhispánico	16577	5781	1	1	0.46
Dudas	16577	5781	1	1	0.46
desprovistos	16577	5781	1	1	0.46
estrato	16577	5781	1	1	0.46
socioeconómico	16577	5781	1	1	0.46
pertenece	16577	5781	1	1	0.46
clínicos	16577	5781	1	1	0.46
alteraciones	16577	5781	1	1	0.46
Estados	16577	5781	1	1	0.46
causan	16577	5781	1	1	0.46
suenan	16577	5781	1	1	0.46
APA define	16577	5781	1	1	0.46
Principios	16577	5781	1	1	0.46
Ensayos	16577	5781	1	1	0.46
empirismo	16577	5781	1	1	0.46
permiten	16577	5781	1	1	0.46
¿Hay	16577	5781	1	1	0.46
reflexiva	16577	5781	1	1	0.46
quizá	16577	5781	1	1	0.46
tuviéramos	16577	5781	1	1	0.46
matiz	16577	5781	1	1	0.46
notables	16577	5781	1	1	0.46
experimentas	16577	5781	1	1	0.46
nombramos	16577	5781	1	1	0.46
antes—	16577	5781	1	1	0.46
sinónimos	16577	5781	1	1	0.46
Ahora	16577	5781	1	1	0.46
partido	16577	5781	1	1	0.46
sencillo»	16577	5781	1	1	0.46
orienta	16577	5781	1	1	0.46
Recuperó	16577	5781	1	1	0.46
caída	16577	5781	1	1	0.46
sufrida	16577	5781	1	1	0.46
aldeanos	16577	5781	1	1	0.46
tomaron	16577	5781	1	1	0.46
agua	16577	5781	1	1	0.46
¿Ya	16577	5781	1	1	0.46
interesantes	16577	5781	1	1	0.46
piloto	16577	5781	1	1	0.46
justo	16577	5781	1	1	0.46
nulo	16577	5781	1	1	0.46
bajísimo	16577	5781	1	1	0.46
¿dónde	16577	5781	1	1	0.46
acaba	16577	5781	1	1	0.46
empieza	16577	5781	1	1	0.46
suya	16577	5781	1	1	0.46
intacto	16577	5781	1	1	0.46
volición	16577	5781	1	1	0.46
experimentar	16577	5781	1	1	0.46
populares	16577	5781	1	1	0.46
(un	16577	5781	1	1	0.46
Thomas	16577	5781	1	1	0.46
Nagel	16577	5781	1	1	0.46
ejemplifica	16577	5781	1	1	0.46
deber	16577	5781	1	1	0.46
existir	16577	5781	1	1	0.46
concreta	16577	5781	1	1	0.46
coincide	16577	5781	1	1	0.46
¿Existe	16577	5781	1	1	0.46
¿Se	16577	5781	1	1	0.46
requieran	16577	5781	1	1	0.46
computadores	16577	5781	1	1	0.46
desarrollos	16577	5781	1	1	0.46
tecnológicos	16577	5781	1	1	0.46
convertido	16577	5781	1	1	0.46
interdisciplinaria	16577	5781	1	1	0.46
cierta	16577	5781	1	1	0.46
esté	16577	5781	1	1	0.46
neurales	16577	5781	1	1	0.46
extienden	16577	5781	1	1	0.46
varios	16577	5781	1	1	0.46
reflejan	16577	5781	1	1	0.46
controvertidas	16577	5781	1	1	0.46
falsa	16577	5781	1	1	0.46
incoherente	16577	5781	1	1	0.46
intuiciones	16577	5781	1	1	0.46
Gilbert	16577	5781	1	1	0.46
Ryle	16577	5781	1	1	0.46
argumenta	16577	5781	1	1	0.46
cartesiana	16577	5781	1	1	0.46
comete	16577	5781	1	1	0.46
error	16577	5781	1	1	0.46
comportamentales	16577	5781	1	1	0.46
lingüísticos	16577	5781	1	1	0.46
Muchos	16577	5781	1	1	0.46
unívoco	16577	5781	1	1	0.46
Ned	16577	5781	1	1	0.46
"fenomenal"	16577	5781	1	1	0.46
(P-consciousness	16577	5781	1	1	0.46
"de	16577	5781	1	1	0.46
acceso"	16577	5781	1	1	0.46
acerca	16577	5781	1	1	0.46
coexisten	16577	5781	1	1	0.46
postulados	16577	5781	1	1	0.46
hipotéticos	16577	5781	1	1	0.46
materialismo	16577	5781	1	1	0.46
definida	16577	5781	1	1	0.46
reproducción	16577	5781	1	1	0.46
llevando	16577	5781	1	1	0.46
terreno	16577	5781	1	1	0.46
político	16577	5781	1	1	0.46
práctico	16577	5781	1	1	0.46
definiendo	16577	5781	1	1	0.46
Solms	16577	5781	1	1	0.46
realista	16577	5781	1	1	0.46
fantasmal	16577	5781	1	1	0.46
(término	16577	5781	1	1	0.46
crítica	16577	5781	1	1	0.46
dejando	16577	5781	1	1	0.46
sistemáticamente	16577	5781	1	1	0.46
estaba	16577	5781	1	1	0.46
reservado	16577	5781	1	1	0.46
hacerse	16577	5781	1	1	0.46
Pi	16577	5781	1	1	0.46
Sunyer	16577	5781	1	1	0.46
(IDIBAPS	16577	5781	1	1	0.46
Barcelona	16577	5781	1	1	0.46
“el	16577	5781	1	1	0.46
tabú	16577	5781	1	1	0.46
1990	16577	5781	1	1	0.46
“El	16577	5781	1	1	0.46
usado	16577	5781	1	1	0.46
maneras	16577	5781	1	1	0.46
enfoca	16577	5781	1	1	0.46
malas	16577	5781	1	1	0.46
incluidas	16577	5781	1	1	0.46
contribuye	16577	5781	1	1	0.46
admite	16577	5781	1	1	0.46
quinta	16577	5781	1	1	0.46
acepción	16577	5781	1	1	0.46
“capacidad	16577	5781	1	1	0.46
raíces	16577	5781	1	1	0.46
diferencian	16577	5781	1	1	0.46
desaparece	16577	5781	1	1	0.46
noche	16577	5781	1	1	0.46
mañana	16577	5781	1	1	0.46
interactuamos	16577	5781	1	1	0.46
utilizaron	16577	5781	1	1	0.46
resonancias	16577	5781	1	1	0.46
magnéticas	16577	5781	1	1	0.46
funcionales	16577	5781	1	1	0.46
(IRMf	16577	5781	1	1	0.46
detectaron	16577	5781	1	1	0.46
huellas	16577	5781	1	1	0.46
traumáticas	16577	5781	1	1	0.46
graves	16577	5781	1	1	0.46
cuidados	16577	5781	1	1	0.46
intensivos	16577	5781	1	1	0.46
recuperación	16577	5781	1	1	0.46
voluminosa	16577	5781	1	1	0.46
diencéfalo	16577	5781	1	1	0.46
involucrado	16577	5781	1	1	0.46
contenga	16577	5781	1	1	0.46
hipotetizó	16577	5781	1	1	0.46
Descartes”	16577	5781	1	1	0.46
alega	16577	5781	1	1	0.46
Witkowski	16577	5781	1	1	0.46
refinada	16577	5781	1	1	0.46
rápida	16577	5781	1	1	0.46
rica	16577	5781	1	1	0.46
desincronizada	16577	5781	1	1	0.46
apoyar	16577	5781	1	1	0.46
–mantiene	16577	5781	1	1	0.46
Storm–	16577	5781	1	1	0.46
Anestesiar	16577	5781	1	1	0.46
depende	16577	5781	1	1	0.46
específico	16577	5781	1	1	0.46
Scheinin	16577	5781	1	1	0.46
comprobaron	16577	5781	1	1	0.46
—ubicada	16577	5781	1	1	0.46
midan	16577	5781	1	1	0.46
eviten	16577	5781	1	1	0.46
involuntaria	16577	5781	1	1	0.46
sedación	16577	5781	1	1	0.46
PLOS	16577	5781	1	1	0.46
Biology	16577	5781	1	1	0.46
intervalos	16577	5781	1	1	0.46
“Existen	16577	5781	1	1	0.46
períodos	16577	5781	1	1	0.46
sustanciales	16577	5781	1	1	0.46
brechas”	16577	5781	1	1	0.46
puntualiza	16577	5781	1	1	0.46
Herzog	16577	5781	1	1	0.46
aflorar	16577	5781	1	1	0.46
tratando	16577	5781	1	1	0.46
intermediaria	16577	5781	1	1	0.46
trasmisión	16577	5781	1	1	0.46
estático	16577	5781	1	1	0.46
transmitiría	16577	5781	1	1	0.46
arranque	16577	5781	1	1	0.46
investigadores	16577	5781	1	1	0.46
empezar	16577	5781	1	1	0.46
van	16577	5781	1	1	0.46
esquizofrenia	16577	5781	1	1	0.46
enfermedades	16577	5781	1	1	0.46
mentales”	16577	5781	1	1	0.46
destaca	16577	5781	1	1	0.46
Journal	16577	5781	1	1	0.46
Neuroscience	16577	5781	1	1	0.46
revisaron	16577	5781	1	1	0.46
generalmente	16577	5781	1	1	0.46
explique	16577	5781	1	1	0.46
Nuestra	16577	5781	1	1	0.46
misma”	16577	5781	1	1	0.46
concluye	16577	5781	1	1	0.46
literatura	16577	5781	1	1	0.46
Nuevas	16577	5781	1	1	0.46
Castro	16577	5781	1	1	0.46
Centro	16577	5781	1	1	0.46
Universitario	16577	5781	1	1	0.46
Villanueva	16577	5781	1	1	0.46
(Universidad	16577	5781	1	1	0.46
Complutense	16577	5781	1	1	0.46
Realizar	16577	5781	1	1	0.46
actualizada	16577	5781	1	1	0.46
principales	16577	5781	1	1	0.46
reflejando	16577	5781	1	1	0.46
inmadura	16577	5781	1	1	0.46
concluir	16577	5781	1	1	0.46
interés	16577	5781	1	1	0.46
vislumbrar	16577	5781	1	1	0.46
aglutina	16577	5781	1	1	0.46
mantiene	16577	5781	1	1	0.46
intrigada	16577	5781	1	1	0.46
objetivas	16577	5781	1	1	0.46
tales	16577	5781	1	1	0.46
razonamiento	16577	5781	1	1	0.46
vano	16577	5781	1	1	0.46
Ralph	16577	5781	1	1	0.46
Adolphs⁸clasifica	16577	5781	1	1	0.46
podremos	16577	5781	1	1	0.46
siguientes	16577	5781	1	1	0.46
d	16577	5781	1	1	0.46
sustancia	16577	5781	1	1	0.46
disponemos	16577	5781	1	1	0.46
unánimemente	16577	5781	1	1	0.46
¹¹Hacemos	16577	5781	1	1	0.46
notar	16577	5781	1	1	0.46
emplearemos	16577	5781	1	1	0.46
elDiccionario	16577	5781	1	1	0.46
verbos	16577	5781	1	1	0.46
‘ser’	16577	5781	1	1	0.46
‘estar’	16577	5781	1	1	0.46
facilita	16577	5781	1	1	0.46
vigilante	16577	5781	1	1	0.46
ausencia	16577	5781	1	1	0.46
aportado	16577	5781	1	1	0.46
británico	16577	5781	1	1	0.46
(1632-1704	16577	5781	1	1	0.46
“percepción	16577	5781	1	1	0.46
¹⁵De	16577	5781	1	1	0.46
cualitativo	16577	5781	1	1	0.46
exhaustivos	16577	5781	1	1	0.46
querido	16577	5781	1	1	0.46
ofrecer	16577	5781	1	1	0.46
claridad	16577	5781	1	1	0.46
planteadas	16577	5781	1	1	0.46
¹⁷Esta	16577	5781	1	1	0.46
teatro	16577	5781	1	1	0.46
brillante	16577	5781	1	1	0.46
escenario	16577	5781	1	1	0.46
distribuir	16577	5781	1	1	0.46
acierto	16577	5781	1	1	0.46
basarse	16577	5781	1	1	0.46
identificarse	16577	5781	1	1	0.46
“lugar”	16577	5781	1	1	0.46
denominateatro	16577	5781	1	1	0.46
cartesiano	16577	5781	1	1	0.46
convergen	16577	5781	1	1	0.46
finalmente	16577	5781	1	1	0.46
flujo	16577	5781	1	1	0.46
eliminadas	16577	5781	1	1	0.46
privilegiada	16577	5781	1	1	0.46
equiparando	16577	5781	1	1	0.46
justificación	16577	5781	1	1	0.46
empírica	16577	5781	1	1	0.46
lógica	16577	5781	1	1	0.46
neural”	16577	5781	1	1	0.46
(binding	16577	5781	1	1	0.46
metafísicasLas	16577	5781	1	1	0.46
desafían	16577	5781	1	1	0.46
neurobiológicas	16577	5781	1	1	0.46
postular	16577	5781	1	1	0.46
sugerir	16577	5781	1	1	0.46
australiano	16577	5781	1	1	0.46
Chalmers²³ha	16577	5781	1	1	0.46
fisicalista	16577	5781	1	1	0.46
²⁴Sin	16577	5781	1	1	0.46
verdadera	16577	5781	1	1	0.46
contemplar	16577	5781	1	1	0.46
eldualismo	16577	5781	1	1	0.46
reduccionista	16577	5781	1	1	0.46
coherencia	16577	5781	1	1	0.46
relacionar	16577	5781	1	1	0.46
invarianza	16577	5781	1	1	0.46
organizacional	16577	5781	1	1	0.46
constituir	16577	5781	1	1	0.46
nuevo	16577	5781	1	1	0.46
retorno	16577	5781	1	1	0.46
constituiría	16577	5781	1	1	0.46
acopla	16577	5781	1	1	0.46
metafísico	16577	5781	1	1	0.46
²⁸Este	16577	5781	1	1	0.46
matemático	16577	5781	1	1	0.46
planteando	16577	5781	1	1	0.46
mente-cuerpo	16577	5781	1	1	0.46
inversa	16577	5781	1	1	0.46
Hoffman²⁹ha	16577	5781	1	1	0.46
defienden	16577	5781	1	1	0.46
idealismo	16577	5781	1	1	0.46
cuánticasLas	16577	5781	1	1	0.46
comenzaron	16577	5781	1	1	0.46
despuntar	16577	5781	1	1	0.46
finales	16577	5781	1	1	0.46
orquestadaelaborado	16577	5781	1	1	0.46
conjuntamente	16577	5781	1	1	0.46
Penrose	16577	5781	1	1	0.46
Stuart	16577	5781	1	1	0.46
Hameroff³⁰propone	16577	5781	1	1	0.46
computación	16577	5781	1	1	0.46
desconcertantes	16577	5781	1	1	0.46
desintegrar	16577	5781	1	1	0.46
canales	16577	5781	1	1	0.46
Henry	16577	5781	1	1	0.46
Stapp³³ha	16577	5781	1	1	0.46
causaría	16577	5781	1	1	0.46
potencialmente	16577	5781	1	1	0.46
integrados	16577	5781	1	1	0.46
no-determinista	16577	5781	1	1	0.46
ejercería	16577	5781	1	1	0.46
neurocient´ficasLas	16577	5781	1	1	0.46
estudian	16577	5781	1	1	0.46
implicados	16577	5781	1	1	0.46
búsqueda	16577	5781	1	1	0.46
comocorrelatos	16577	5781	1	1	0.46
(CNC	16577	5781	1	1	0.46
CN	16577	5781	1	1	0.46
competición	16577	5781	1	1	0.46
producirían	16577	5781	1	1	0.46
altos	16577	5781	1	1	0.46
darían	16577	5781	1	1	0.46
Giulio	16577	5781	1	1	0.46
Tononi⁴²ha	16577	5781	1	1	0.46
(TII	16577	5781	1	1	0.46
Cuanto	16577	5781	1	1	0.46
tendrá	16577	5781	1	1	0.46
medirse	16577	5781	1	1	0.46
variable	16577	5781	1	1	0.46
próxima	16577	5781	1	1	0.46
panpsiquismo	16577	5781	1	1	0.46
causal	16577	5781	1	1	0.46
predice	16577	5781	1	1	0.46
sofisticados	16577	5781	1	1	0.46
controvertido	16577	5781	1	1	0.46
suteoría	16577	5781	1	1	0.46
descriptiva	16577	5781	1	1	0.46
añadido	16577	5781	1	1	0.46
esquemas	16577	5781	1	1	0.46
responsables	16577	5781	1	1	0.46
surco	16577	5781	1	1	0.46
(STS	16577	5781	1	1	0.46
circunvolución	16577	5781	1	1	0.46
temporo-parietal	16577	5781	1	1	0.46
⁴⁸Por	16577	5781	1	1	0.46
computado	16577	5781	1	1	0.46
especializado	16577	5781	1	1	0.46
adecuadas	16577	5781	1	1	0.46
entendida	16577	5781	1	1	0.46
comoqualia	16577	5781	1	1	0.46
establecer	16577	5781	1	1	0.46
causalidad	16577	5781	1	1	0.46
desconocemos	16577	5781	1	1	0.46
centrales	16577	5781	1	1	0.46
asentarse	16577	5781	1	1	0.46
madura	16577	5781	1	1	0.46
Partiendo	16577	5781	1	1	0.46
bibliografía	16577	5781	1	1	0.46
revisada	16577	5781	1	1	0.46
⁵¹No	16577	5781	1	1	0.46
atribuyen	16577	5781	1	1	0.46
irrelevante	16577	5781	1	1	0.46
hoy	16577	5781	1	1	0.46
muestra	16577	5781	1	1	0.46
desconcierto	16577	5781	1	1	0.46
losagentes	16577	5781	1	1	0.46
equivocado	16577	5781	1	1	0.46
acento	16577	5781	1	1	0.46
CNC	16577	5781	1	1	0.46
“cognitivamente	16577	5781	1	1	0.46
cerrados”	16577	5781	1	1	0.46
fenomenología	16577	5781	1	1	0.46
vínculo	16577	5781	1	1	0.46
presentado	16577	5781	1	1	0.46
aportar	16577	5781	1	1	0.46
soluciones	16577	5781	1	1	0.46
innumerables	16577	5781	1	1	0.46
aquel	16577	5781	1	1	0.46
“bautizó”	16577	5781	1	1	0.46
comoproblema	16577	5781	1	1	0.46
interfaz	16577	5781	1	1	0.46
polinómica	16577	5781	1	1	0.46
Psicobiología	16577	5781	1	1	0.46
modifica	16577	5781	1	1	0.46
despierta	16577	5781	1	1	0.46
alcanzan	16577	5781	1	1	0.46
alfa	16577	5781	1	1	0.46
esclarecer	16577	5781	1	1	0.46
grave	16577	5781	1	1	0.46
mueve	16577	5781	1	1	0.46
espontáneamente	16577	5781	1	1	0.46
determinamos	16577	5781	1	1	0.46
simples	16577	5781	1	1	0.46
originados	16577	5781	1	1	0.46
oposición	16577	5781	1	1	0.46
convencionales	16577	5781	1	1	0.46
significativo	16577	5781	1	1	0.46
transferible	16577	5781	1	1	0.46
expansión	16577	5781	1	1	0.46
investiga	16577	5781	1	1	0.46
considerarse	16577	5781	1	1	0.46
intrusión	16577	5781	1	1	0.46
concerniría	16577	5781	1	1	0.46
elaborar	16577	5781	1	1	0.46
especulaciones	16577	5781	1	1	0.46
operativa	16577	5781	1	1	0.46
tendería	16577	5781	1	1	0.46
emboscada	16577	5781	1	1	0.46
Del	16577	5781	1	1	0.46
belleza	16577	5781	1	1	0.46
contemplando	16577	5781	1	1	0.46
recursos_naturaleza_intereses_la	16577	5781	1	1	0.46
recursos_naturaleza_txt_La	16577	5781	1	1	0.46
neurológico	16577	5781	1	1	0.46
actuación	16577	5781	1	1	0.46
relacionan	16577	5781	1	1	0.46
neurofisiológicamente	16577	5781	1	1	0.46
asociación¹	16577	5781	1	1	0.46
encontramos	16577	5781	1	1	0.46
pérdida	16577	5781	1	1	0.46
impedir	16577	5781	1	1	0.46
menor	16577	5781	1	1	0.46
intercambio	16577	5781	1	1	0.46
"la	16577	5781	1	1	0.46
"darse	16577	5781	1	1	0.46
cuenta"	16577	5781	1	1	0.46
comienza	16577	5781	1	1	0.46
distinta	16577	5781	1	1	0.46
dicho	16577	5781	1	1	0.46
típico	16577	5781	1	1	0.46
Gerald	16577	5781	1	1	0.46
fenoménicas	16577	5781	1	1	0.46
conceptualiza	16577	5781	1	1	0.46
afirmarse	16577	5781	1	1	0.46
construye	16577	5781	1	1	0.46
reconocimiento	16577	5781	1	1	0.46
operan	16577	5781	1	1	0.46
experimentan	16577	5781	1	1	0.46
opuesto 2	16577	5781	1	1	0.46
Génesis	16577	5781	1	1	0.46
bioquímicos	16577	5781	1	1	0.46
impulsos	16577	5781	1	1	0.46
originen	16577	5781	1	1	0.46
definitiva	16577	5781	1	1	0.46
anatómicas	16577	5781	1	1	0.46
Zagmutt	16577	5781	1	1	0.46
"llegar	16577	5781	1	1	0.46
explicativa	16577	5781	1	1	0.46
equivaldría	16577	5781	1	1	0.46
develar	16577	5781	1	1	0.46
primeros	16577	5781	1	1	0.46
situó	16577	5781	1	1	0.46
inmaterial	16577	5781	1	1	0.46
