token	corpus size	all contexts size	frequency	co-frequency	specificity
такое	36950	13043	94	64	10.13
Что	36950	13043	66	47	8.62
мучает	36950	13043	23	21	7.48
является	36950	13043	74	49	7.35
человека	36950	13043	217	112	6.53
[Что	36950	13043	14	14	6.33
человеку	36950	13043	83	51	6.14
образом	36950	13043	33	25	5.68
угрызения	36950	13043	12	12	5.43
[Зачем	36950	13043	12	12	5.43
нужна	36950	13043	30	22	4.70
следует	36950	13043	25	19	4.48
чистую	36950	13043	9	9	4.07
говорит	36950	13043	53	32	3.94
совершенно	36950	13043	14	12	3.85
Таким	36950	13043	14	12	3.85
О	36950	13043	27	19	3.76
объясняет	36950	13043	8	8	3.62
очищает	36950	13043	8	8	3.62
свидетельствует	36950	13043	13	11	3.46
одна	36950	13043	15	12	3.34
Павел	36950	13043	19	14	3.21
называется	36950	13043	23	16	3.17
убеждает	36950	13043	7	7	3.17
поступили	36950	13043	7	7	3.17
процесс	36950	13043	7	7	3.17
человеке	36950	13043	28	18	2.91
Наконец	36950	13043	9	8	2.85
чистая	36950	13043	9	8	2.85
чиста	36950	13043	9	8	2.85
уподобил	36950	13043	6	6	2.71
непосредственно	36950	13043	6	6	2.71
Через	36950	13043	6	6	2.71
мучения	36950	13043	6	6	2.71
элемент	36950	13043	6	6	2.71
вызывает	36950	13043	6	6	2.71
апостол	36950	13043	6	6	2.71
личной	36950	13043	6	6	2.71
будто	36950	13043	6	6	2.71
Личная	36950	13043	6	6	2.71
Коллективная	36950	13043	6	6	2.71
возможность	36950	13043	11	9	2.71
чистой	36950	13043	11	9	2.71
чувства	36950	13043	38	22	2.63
существует	36950	13043	15	11	2.60
находится	36950	13043	8	7	2.45
написано	36950	13043	8	7	2.45
ума	36950	13043	8	7	2.45
считает	36950	13043	8	7	2.45
сердцах	36950	13043	12	9	2.30
каждого	36950	13043	12	9	2.30
мысли	36950	13043	18	12	2.29
тех	36950	13043	14	10	2.28
обвиняют	36950	13043	5	5	2.26
вере	36950	13043	5	5	2.26
инстинктов	36950	13043	5	5	2.26
мертвых	36950	13043	5	5	2.26
радости	36950	13043	5	5	2.26
рассматривается	36950	13043	5	5	2.26
понятиями	36950	13043	5	5	2.26
Угрызения	36950	13043	5	5	2.26
Природа	36950	13043	5	5	2.26
Является	36950	13043	5	5	2.26
Как	36950	13043	57	29	2.23
голос	36950	13043	60	30	2.17
необходимо	36950	13043	7	6	2.06
обличает	36950	13043	7	6	2.06
пробудить	36950	13043	7	6	2.06
теория	36950	13043	7	6	2.06
жизни	36950	13043	54	27	2.03
указывает	36950	13043	17	11	2.02
духа	36950	13043	17	11	2.02
Человек	36950	13043	15	10	1.99
голосом	36950	13043	9	7	1.99
чувств	36950	13043	9	7	1.99
Итак	36950	13043	9	7	1.99
проявлений	36950	13043	9	7	1.99
иметь	36950	13043	11	8	1.97
Однако	36950	13043	22	13	1.88
называть	36950	13043	4	4	1.81
наблюдение	36950	13043	4	4	1.81
наличием	36950	13043	4	4	1.81
физических	36950	13043	4	4	1.81
обнаруживают	36950	13043	4	4	1.81
физические	36950	13043	4	4	1.81
инстинкты	36950	13043	4	4	1.81
диктовали	36950	13043	4	4	1.81
совершенствоваться	36950	13043	4	4	1.81
чуткости	36950	13043	4	4	1.81
философских	36950	13043	4	4	1.81
учений	36950	13043	4	4	1.81
психологических	36950	13043	4	4	1.81
характер	36950	13043	4	4	1.81
греховности	36950	13043	4	4	1.81
религиозной	36950	13043	4	4	1.81
определяется	36950	13043	4	4	1.81
почек»	36950	13043	4	4	1.81
честь	36950	13043	4	4	1.81
, —	36950	13043	4	4	1.81
функции	36950	13043	4	4	1.81
человеческая	36950	13043	4	4	1.81
бомбу	36950	13043	4	4	1.81
сожженной	36950	13043	4	4	1.81
считал	36950	13043	4	4	1.81
берется	36950	13043	4	4	1.81
кричит	36950	13043	4	4	1.81
обвиняющие	36950	13043	4	4	1.81
оправдывающие	36950	13043	4	4	1.81
Чистая	36950	13043	4	4	1.81
говоря	36950	13043	4	4	1.81
Храни	36950	13043	4	4	1.81
роль	36950	13043	18	11	1.80
больше	36950	13043	16	10	1.75
начинает	36950	13043	14	9	1.71
действительно	36950	13043	12	8	1.68
разум	36950	13043	12	8	1.68
Для	36950	13043	12	8	1.68
внутренней	36950	13043	6	5	1.67
следовательно	36950	13043	6	5	1.67
правильного	36950	13043	6	5	1.67
причём	36950	13043	6	5	1.67
главным	36950	13043	6	5	1.67
компас	36950	13043	6	5	1.67
говорил	36950	13043	6	5	1.67
такая	36950	13043	6	5	1.67
Согласно	36950	13043	6	5	1.67
та	36950	13043	6	5	1.67
Можно	36950	13043	6	5	1.67
отметить	36950	13043	6	5	1.67
Если	36950	13043	63	29	1.66
Есть	36950	13043	10	7	1.65
нашу	36950	13043	8	6	1.64
Богом	36950	13043	26	14	1.62
развития	36950	13043	19	11	1.61
понятие	36950	13043	19	11	1.61
ее	36950	13043	75	33	1.56
словами	36950	13043	17	10	1.56
еще	36950	13043	22	12	1.51
выше	36950	13043	15	9	1.51
человеческого	36950	13043	13	8	1.45
голосу	36950	13043	11	7	1.40
нашего	36950	13043	11	7	1.40
сделать	36950	13043	11	7	1.40
сознание	36950	13043	18	10	1.39
воспитания	36950	13043	23	12	1.38
часто	36950	13043	23	12	1.38
Нагорной	36950	13043	3	3	1.36
проповеди	36950	13043	3	3	1.36
Иисус	36950	13043	3	3	1.36
примириться	36950	13043	3	3	1.36
называемый	36950	13043	3	3	1.36
помимо	36950	13043	3	3	1.36
другую»	36950	13043	3	3	1.36
свидетельству	36950	13043	3	3	1.36
засвидетельствует	36950	13043	3	3	1.36
добродетельную	36950	13043	3	3	1.36
,омраченный	36950	13043	3	3	1.36
страстями	36950	13043	3	3	1.36
перестал	36950	13043	3	3	1.36
отчетливо	36950	13043	3	3	1.36
утратили	36950	13043	3	3	1.36
проявлением	36950	13043	3	3	1.36
Внимательное	36950	13043	3	3	1.36
силами	36950	13043	3	3	1.36
воздействует	36950	13043	3	3	1.36
доводов	36950	13043	3	3	1.36
действуя	36950	13043	3	3	1.36
стоящей	36950	13043	3	3	1.36
грешному	36950	13043	3	3	1.36
запятнавшему	36950	13043	3	3	1.36
навеки	36950	13043	3	3	1.36
обреченным	36950	13043	3	3	1.36
слезы	36950	13043	3	3	1.36
показатель	36950	13043	3	3	1.36
безусловный	36950	13043	3	3	1.36
рассматриваться	36950	13043	3	3	1.36
выделить	36950	13043	3	3	1.36
непреложный	36950	13043	3	3	1.36
указатель	36950	13043	3	3	1.36
церкви	36950	13043	3	3	1.36
наклонностями	36950	13043	3	3	1.36
Фома	36950	13043	3	3	1.36
силлогизмом	36950	13043	3	3	1.36
компасу	36950	13043	3	3	1.36
живущий	36950	13043	3	3	1.36
пожалуй	36950	13043	3	3	1.36
Развитие	36950	13043	3	3	1.36
взросления	36950	13043	3	3	1.36
Какие	36950	13043	3	3	1.36
Владимир	36950	13043	3	3	1.36
использует	36950	13043	3	3	1.36
описывал	36950	13043	3	3	1.36
гласом	36950	13043	3	3	1.36
Социальная	36950	13043	3	3	1.36
общественная	36950	13043	3	3	1.36
сбросивший	36950	13043	3	3	1.36
социальными	36950	13043	3	3	1.36
возвращается	36950	13043	3	3	1.36
Суперэго	36950	13043	3	3	1.36
частично	36950	13043	3	3	1.36
мозге	36950	13043	3	3	1.36
хранении	36950	13043	3	3	1.36
чистоты	36950	13043	3	3	1.36
разбудить	36950	13043	3	3	1.36
заговорила	36950	13043	3	3	1.36
спокойной	36950	13043	3	3	1.36
признак	36950	13043	3	3	1.36
порочной	36950	13043	3	3	1.36
другую”	36950	13043	3	3	1.36
“от	36950	13043	3	3	1.36
дел”	36950	13043	3	3	1.36
Муки	36950	13043	3	3	1.36
отцы	36950	13043	3	3	1.36
эгоизмом	36950	13043	3	3	1.36
удовлетворять	36950	13043	3	3	1.36
попирая	36950	13043	3	3	1.36
пытается	36950	13043	3	3	1.36
очевидно	36950	13043	3	3	1.36
нечистой	36950	13043	3	3	1.36
Формирование	36950	13043	3	3	1.36
сохранять	36950	13043	3	3	1.36
судьей	36950	13043	3	3	1.36
При	36950	13043	3	3	1.36
важный	36950	13043	3	3	1.36
присущи	36950	13043	3	3	1.36
отношениях	36950	13043	3	3	1.36
личная	36950	13043	3	3	1.36
библейской	36950	13043	3	3	1.36
укоры	36950	13043	3	3	1.36
пробудилась	36950	13043	3	3	1.36
]Если	36950	13043	3	3	1.36
думаю	36950	13043	3	3	1.36
хранить	36950	13043	3	3	1.36
чрезмерно	36950	13043	3	3	1.36
грехопадения	36950	13043	9	6	1.36
умом	36950	13043	9	6	1.36
первый	36950	13043	9	6	1.36
играет	36950	13043	9	6	1.36
внутреннее	36950	13043	9	6	1.36
испытывать	36950	13043	9	6	1.36
можем	36950	13043	16	9	1.34
действия	36950	13043	26	13	1.32
становится	36950	13043	26	13	1.32
Не	36950	13043	21	11	1.32
Кто	36950	13043	7	5	1.32
выражает	36950	13043	7	5	1.32
практическим	36950	13043	7	5	1.32
муки	36950	13043	7	5	1.32
лукавая	36950	13043	7	5	1.32
Ибо	36950	13043	7	5	1.32
вообще	36950	13043	7	5	1.32
Христос	36950	13043	5	4	1.30
Наличие	36950	13043	5	4	1.30
Библия	36950	13043	5	4	1.30
оправдывают	36950	13043	5	4	1.30
выгодно	36950	13043	5	4	1.30
временной	36950	13043	5	4	1.30
высшая	36950	13043	5	4	1.30
ясности	36950	13043	5	4	1.30
ошибаться	36950	13043	5	4	1.30
внутренних	36950	13043	5	4	1.30
существуют	36950	13043	5	4	1.30
начала	36950	13043	5	4	1.30
божественный	36950	13043	5	4	1.30
согласно	36950	13043	5	4	1.30
направление	36950	13043	5	4	1.30
«муки	36950	13043	5	4	1.30
очистить	36950	13043	5	4	1.30
Такой	36950	13043	5	4	1.30
попирает	36950	13043	5	4	1.30
наличие	36950	13043	5	4	1.30
избавиться	36950	13043	5	4	1.30
сознании	36950	13043	5	4	1.30
воли	36950	13043	14	8	1.28
стороны	36950	13043	12	7	1.21
ошибки	36950	13043	12	7	1.21
несколько	36950	13043	12	7	1.21
другими	36950	13043	17	9	1.20
формируется	36950	13043	17	9	1.20
ребенка	36950	13043	17	9	1.20
всегда	36950	13043	33	15	1.17
человек	36950	13043	144	51	1.16
Писании	36950	13043	10	6	1.15
против	36950	13043	10	6	1.15
те	36950	13043	10	6	1.15
Когда	36950	13043	28	13	1.14
лишь	36950	13043	15	8	1.13
вины	36950	13043	23	11	1.11
Божий	36950	13043	34	15	1.11
личности	36950	13043	26	12	1.09
свойство	36950	13043	8	5	1.08
Божиим	36950	13043	8	5	1.08
пор	36950	13043	8	5	1.08
называет	36950	13043	8	5	1.08
явлений	36950	13043	8	5	1.08
свободы	36950	13043	8	5	1.08
связь	36950	13043	8	5	1.08
твоя	36950	13043	8	5	1.08
связана	36950	13043	8	5	1.08
возможно	36950	13043	8	5	1.08
силы	36950	13043	8	5	1.08
служит	36950	13043	8	5	1.08
уровне	36950	13043	8	5	1.08
того	36950	13043	61	24	1.08
чувство	36950	13043	52	21	1.08
стыда	36950	13043	21	10	1.05
перед	36950	13043	44	18	1.04
значит	36950	13043	27	12	1.02
ибо	36950	13043	16	8	1.02
людей	36950	13043	64	24	1.02
Бог	36950	13043	30	13	1.02
имеет	36950	13043	30	13	1.02
Да	36950	13043	6	4	1.01
принято	36950	13043	6	4	1.01
Библии	36950	13043	6	4	1.01
всякого	36950	13043	6	4	1.01
понуждает	36950	13043	6	4	1.01
справедливость	36950	13043	6	4	1.01
волей	36950	13043	6	4	1.01
видим	36950	13043	6	4	1.01
признать	36950	13043	6	4	1.01
являются	36950	13043	6	4	1.01
таком	36950	13043	6	4	1.01
чисто	36950	13043	6	4	1.01
отсутствие	36950	13043	6	4	1.01
различных	36950	13043	6	4	1.01
христианстве	36950	13043	6	4	1.01
иврите	36950	13043	6	4	1.01
способна	36950	13043	6	4	1.01
услышать	36950	13043	6	4	1.01
важно	36950	13043	6	4	1.01
скорее	36950	13043	6	4	1.01
состояния	36950	13043	6	4	1.01
самости	36950	13043	6	4	1.01
теории	36950	13043	6	4	1.01
достаточно	36950	13043	6	4	1.01
сразу	36950	13043	6	4	1.01
считать	36950	13043	6	4	1.01
мысль	36950	13043	6	4	1.01
дух	36950	13043	11	6	0.99
кажется	36950	13043	11	6	0.99
делать	36950	13043	49	19	0.99
грех	36950	13043	22	10	0.98
Так	36950	13043	31	13	0.97
значение	36950	13043	14	7	0.95
поэтому	36950	13043	14	7	0.95
обладает	36950	13043	14	7	0.95
сожалеть	36950	13043	4	3	0.94
нечиста	36950	13043	4	3	0.94
повествует	36950	13043	4	3	0.94
свидетельствуют	36950	13043	4	3	0.94
слышать	36950	13043	4	3	0.94
Примеры	36950	13043	4	3	0.94
природным	36950	13043	4	3	0.94
побуждала	36950	13043	4	3	0.94
страдали	36950	13043	4	3	0.94
заслуживающие	36950	13043	4	3	0.94
похвалы	36950	13043	4	3	0.94
таинствах	36950	13043	4	3	0.94
исповеди	36950	13043	4	3	0.94
причастия	36950	13043	4	3	0.94
руководит	36950	13043	4	3	0.94
мыслями	36950	13043	4	3	0.94
источник	36950	13043	4	3	0.94
интуитивизма	36950	13043	4	3	0.94
признает	36950	13043	4	3	0.94
первых	36950	13043	4	3	0.94
Златоуст	36950	13043	4	3	0.94
свободе	36950	13043	4	3	0.94
различные	36950	13043	4	3	0.94
начало	36950	13043	4	3	0.94
Божьим	36950	13043	4	3	0.94
Святого	36950	13043	4	3	0.94
глас	36950	13043	4	3	0.94
основных	36950	13043	4	3	0.94
внешние	36950	13043	4	3	0.94
внутренними	36950	13043	4	3	0.94
Основная	36950	13043	4	3	0.94
фильтр	36950	13043	4	3	0.94
назвать	36950	13043	4	3	0.94
решение	36950	13043	4	3	0.94
исправлять	36950	13043	4	3	0.94
Из	36950	13043	4	3	0.94
рождается	36950	13043	4	3	0.94
сохранить	36950	13043	4	3	0.94
Лукавая	36950	13043	4	3	0.94
Где	36950	13043	4	3	0.94
частью	36950	13043	4	3	0.94
Откуда	36950	13043	4	3	0.94
переживаний	36950	13043	4	3	0.94
собственной	36950	13043	4	3	0.94
итоге	36950	13043	4	3	0.94
Честь	36950	13043	4	3	0.94
долг	36950	13043	4	3	0.94
факт	36950	13043	4	3	0.94
развита	36950	13043	4	3	0.94
особенно	36950	13043	4	3	0.94
вывод	36950	13043	4	3	0.94
искаженная	36950	13043	4	3	0.94
Бога	36950	13043	35	14	0.94
жизнь	36950	13043	17	8	0.93
зрения	36950	13043	29	12	0.93
правильно	36950	13043	20	9	0.92
свойством	36950	13043	9	5	0.92
поступками	36950	13043	9	5	0.92
стоит	36950	13043	9	5	0.92
механизм	36950	13043	9	5	0.92
определение	36950	13043	9	5	0.92
другой	36950	13043	9	5	0.92
контроля	36950	13043	2	2	0.90
Когтистый	36950	13043	2	2	0.90
Незваный	36950	13043	2	2	0.90
гость	36950	13043	2	2	0.90
докучный	36950	13043	2	2	0.90
собеседник	36950	13043	2	2	0.90
Заимодавец	36950	13043	2	2	0.90
грубый	36950	13043	2	2	0.90
ведьма	36950	13043	2	2	0.90
жалок	36950	13043	2	2	0.90
большего	36950	13043	2	2	0.90
облегчения	36950	13043	2	2	0.90
обособленной	36950	13043	2	2	0.90
дел»	36950	13043	2	2	0.90
Злая	36950	13043	2	2	0.90
палача	36950	13043	2	2	0.90
причиной	36950	13043	2	2	0.90
раскаяния	36950	13043	2	2	0.90
покоится	36950	13043	2	2	0.90
природное	36950	13043	2	2	0.90
производное	36950	13043	2	2	0.90
зародыш	36950	13043	2	2	0.90
рассматривает	36950	13043	2	2	0.90
принцип	36950	13043	2	2	0.90
ложной	36950	13043	2	2	0.90
действительное	36950	13043	2	2	0.90
двойную	36950	13043	2	2	0.90
надобности	36950	13043	2	2	0.90
возникнет	36950	13043	2	2	0.90
объективное	36950	13043	2	2	0.90
Представить	36950	13043	2	2	0.90
нелегко	36950	13043	2	2	0.90
этико-религиозными	36950	13043	2	2	0.90
Ближайшим	36950	13043	2	2	0.90
показаний	36950	13043	2	2	0.90
мнения	36950	13043	2	2	0.90
ближних	36950	13043	2	2	0.90
почва	36950	13043	2	2	0.90
έτέρου	36950	13043	2	2	0.90
разумеет	36950	13043	2	2	0.90
ставит	36950	13043	2	2	0.90
Позже	36950	13043	2	2	0.90
догматические	36950	13043	2	2	0.90
заслоняют	36950	13043	2	2	0.90
изредка	36950	13043	2	2	0.90
упоминание	36950	13043	2	2	0.90
неоднократно	36950	13043	2	2	0.90
изображал	36950	13043	2	2	0.90
указывал	36950	13043	2	2	0.90
достаточный	36950	13043	2	2	0.90
служили	36950	13043	2	2	0.90
прямо-таки	36950	13043	2	2	0.90
затемняли	36950	13043	2	2	0.90
засоряли	36950	13043	2	2	0.90
рассматривающих	36950	13043	2	2	0.90
житейские	36950	13043	2	2	0.90
изображена	36950	13043	2	2	0.90
изменчивое	36950	13043	2	2	0.90
условное	36950	13043	2	2	0.90
Некоторый	36950	13043	2	2	0.90
психологический	36950	13043	2	2	0.90
анализ	36950	13043	2	2	0.90
Меланхтона	36950	13043	2	2	0.90
сравнивающего	36950	13043	2	2	0.90
посылка —	36950	13043	2	2	0.90
схоластической	36950	13043	2	2	0.90
«скрытое»	36950	13043	2	2	0.90
(«компас»	36950	13043	2	2	0.90
мусар	36950	13043	2	2	0.90
клайот	36950	13043	2	2	0.90
вредит	36950	13043	2	2	0.90
республиканца	36950	13043	2	2	0.90
монархиста	36950	13043	2	2	0.90
Адольф	36950	13043	2	2	0.90
философия	36950	13043	2	2	0.90
на чём	36950	13043	2	2	0.90
и какие	36950	13043	2	2	0.90
её антиподом	36950	13043	2	2	0.90
можно ли	36950	13043	2	2	0.90
развить	36950	13043	2	2	0.90
в детстве	36950	13043	2	2	0.90
и продолжается	36950	13043	2	2	0.90
В основном	36950	13043	2	2	0.90
строится	36950	13043	2	2	0.90
на базе	36950	13043	2	2	0.90
и условий	36950	13043	2	2	0.90
третий	36950	13043	2	2	0.90
на который	36950	13043	2	2	0.90
опирается	36950	13043	2	2	0.90
и саморегуляция	36950	13043	2	2	0.90
Кандидат	36950	13043	2	2	0.90
наук	36950	13043	2	2	0.90
доцент	36950	13043	2	2	0.90
Комаров	36950	13043	2	2	0.90
отмечает	36950	13043	2	2	0.90
провоцировать	36950	13043	2	2	0.90
и положительные	36950	13043	2	2	0.90
и негативные	36950	13043	2	2	0.90
мы проходим	36950	13043	2	2	0.90
«секьюрити»	36950	13043	2	2	0.90
и чувствуем	36950	13043	2	2	0.90
то испытываем	36950	13043	2	2	0.90
личную	36950	13043	2	2	0.90
искупление	36950	13043	2	2	0.90
концепт	36950	13043	2	2	0.90
Немецкий	36950	13043	2	2	0.90
философ-экзистенциалист	36950	13043	2	2	0.90
Мартин	36950	13043	2	2	0.90
Хайдеггер	36950	13043	2	2	0.90
значимую	36950	13043	2	2	0.90
призывает	36950	13043	2	2	0.90
внимательными	36950	13043	2	2	0.90
к своему	36950	13043	2	2	0.90
А ещё	36950	13043	2	2	0.90
по Хайдеггеру	36950	13043	2	2	0.90
он потенциально	36950	13043	2	2	0.90
нравственен	36950	13043	2	2	0.90
и свободен	36950	13043	2	2	0.90
Но при	36950	13043	2	2	0.90
плюсах	36950	13043	2	2	0.90
и навредить	36950	13043	2	2	0.90
Можно ли	36950	13043	2	2	0.90
на свою	36950	13043	2	2	0.90
Три	36950	13043	2	2	0.90
основные	36950	13043	2	2	0.90
Цитаты	36950	13043	2	2	0.90
требующий	36950	13043	2	2	0.90
взаимодействии	36950	13043	2	2	0.90
функций	36950	13043	2	2	0.90
Основной	36950	13043	2	2	0.90
Христово	36950	13043	2	2	0.90
запечатленное	36950	13043	2	2	0.90
святым	36950	13043	2	2	0.90
крещением	36950	13043	2	2	0.90
исцеляет	36950	13043	2	2	0.90
поддерживается	36950	13043	2	2	0.90
возвышается	36950	13043	2	2	0.90
последованием	36950	13043	2	2	0.90
приходе	36950	13043	2	2	0.90
Обычно	36950	13043	2	2	0.90
Одна	36950	13043	2	2	0.90
важных	36950	13043	2	2	0.90
индивидуальная	36950	13043	2	2	0.90
отличаются	36950	13043	2	2	0.90
друга	36950	13043	2	2	0.90
индивидуальной	36950	13043	2	2	0.90
Хиросиму	36950	13043	2	2	0.90
течение	36950	13043	2	2	0.90
социальную	36950	13043	2	2	0.90
другая	36950	13043	2	2	0.90
такова	36950	13043	2	2	0.90
Фильмы	36950	13043	2	2	0.90
Вера	36950	13043	2	2	0.90
скорби	36950	13043	2	2	0.90
сделки	36950	13043	2	2	0.90
владеет	36950	13043	2	2	0.90
судящей	36950	13043	2	2	0.90
Петра	36950	13043	2	2	0.90
нередко	36950	13043	2	2	0.90
разное	36950	13043	2	2	0.90
идолов	36950	13043	2	2	0.90
мнительная	36950	13043	2	2	0.90
смертью	36950	13043	2	2	0.90
ущерб	36950	13043	2	2	0.90
невнимателен	36950	13043	2	2	0.90
грешить	36950	13043	2	2	0.90
очерствевает	36950	13043	2	2	0.90
Изучением	36950	13043	2	2	0.90
психология	36950	13043	2	2	0.90
христианская	36950	13043	2	2	0.90
большинства	36950	13043	2	2	0.90
вызывая	36950	13043	2	2	0.90
моральное	36950	13043	2	2	0.90
Владимира	36950	13043	2	2	0.90
Даля	36950	13043	2	2	0.90
определял	36950	13043	2	2	0.90
жизни»	36950	13043	2	2	0.90
предотвратить	36950	13043	2	2	0.90
суеверные	36950	13043	2	2	0.90
страхи	36950	13043	2	2	0.90
предметов	36950	13043	2	2	0.90
лицемерии	36950	13043	2	2	0.90
лжеучителях	36950	13043	2	2	0.90
Сочувствие	36950	13043	2	2	0.90
заблуждение	36950	13043	2	2	0.90
Удовлетворение	36950	13043	2	2	0.90
добродетель	36950	13043	2	2	0.90
чистота	36950	13043	2	2	0.90
стараться	36950	13043	2	2	0.90
Божества	36950	13043	2	2	0.90
сжигает	36950	13043	2	2	0.90
Сама	36950	13043	2	2	0.90
сгорает	36950	13043	2	2	0.90
внушениям	36950	13043	2	2	0.90
конечно	36950	13043	2	2	0.90
Подобные	36950	13043	2	2	0.90
лжеучителей	36950	13043	2	2	0.90
считают	36950	13043	2	2	0.90
своей»	36950	13043	2	2	0.90
ощущать	36950	13043	2	2	0.90
примирение	36950	13043	2	2	0.90
отвечающую	36950	13043	2	2	0.90
включают	36950	13043	2	2	0.90
подчинение	36950	13043	2	2	0.90
любого	36950	13043	2	2	0.90
внешнему	36950	13043	2	2	0.90
работа	36950	13043	2	2	0.90
подкрепляется	36950	13043	2	2	0.90
стимулами	36950	13043	2	2	0.90
темы	36950	13043	2	2	0.90
утверждали	36950	13043	2	2	0.90
терпит	36950	13043	2	2	0.90
сделанное	36950	13043	2	2	0.90
способное	36950	13043	2	2	0.90
«Если	36950	13043	2	2	0.90
Б-г	36950	13043	2	2	0.90
исправление	36950	13043	2	2	0.90
философов	36950	13043	2	2	0.90
связанное	36950	13043	2	2	0.90
Там	36950	13043	2	2	0.90
пребывает	36950	13043	2	2	0.90
Любовь	36950	13043	2	2	0.90
ужасным	36950	13043	2	2	0.90
останется	36950	13043	2	2	0.90
бьет	36950	13043	2	2	0.90
проявляет	36950	13043	2	2	0.90
обладают	36950	13043	2	2	0.90
христиане	36950	13043	2	2	0.90
Христианину	36950	13043	2	2	0.90
перестанет	36950	13043	2	2	0.90
восприимчивой	36950	13043	2	2	0.90
двигать	36950	13043	2	2	0.90
боязнь	36950	13043	2	2	0.90
разоблачения	36950	13043	2	2	0.90
чиста»	36950	13043	2	2	0.90
философы	36950	13043	2	2	0.90
определяли	36950	13043	2	2	0.90
порицает	36950	13043	2	2	0.90
взрослой	36950	13043	2	2	0.90
разделяет	36950	13043	2	2	0.90
обрести	36950	13043	2	2	0.90
тип	36950	13043	2	2	0.90
Отсутствие	36950	13043	2	2	0.90
поощрения	36950	13043	2	2	0.90
умеет	36950	13043	2	2	0.90
получает	36950	13043	2	2	0.90
договариваться	36950	13043	2	2	0.90
вопреки	36950	13043	2	2	0.90
Кому-то	36950	13043	2	2	0.90
орган	36950	13043	2	2	0.90
Святые	36950	13043	2	2	0.90
превращается	36950	13043	2	2	0.90
угрызений	36950	13043	2	2	0.90
Консервативная	36950	13043	2	2	0.90
Свобода	36950	13043	2	2	0.90
искажения	36950	13043	2	2	0.90
[Чистая	36950	13043	2	2	0.90
Мне	36950	13043	2	2	0.90
естественным	36950	13043	2	2	0.90
следствием	36950	13043	2	2	0.90
Благодаря	36950	13043	2	2	0.90
конфликта	36950	13043	2	2	0.90
конечном	36950	13043	2	2	0.90
укрепить	36950	13043	2	2	0.90
твоей	36950	13043	2	2	0.90
твою	36950	13043	2	2	0.90
Другими	36950	13043	2	2	0.90
мучила	36950	13043	2	2	0.90
хороша	36950	13043	2	2	0.90
системная	36950	13043	2	2	0.90
Интегральная	36950	13043	2	2	0.90
трансцендентная	36950	13043	2	2	0.90
норма	36950	13043	2	2	0.90
помогала	36950	13043	2	2	0.90
предкам	36950	13043	2	2	0.90
управлять	36950	13043	2	2	0.90
поведением	36950	13043	2	2	0.90
лежат	36950	13043	2	2	0.90
регулирующий	36950	13043	2	2	0.90
специалисты	36950	13043	2	2	0.90
происхождения	36950	13043	2	2	0.90
концепции	36950	13043	2	2	0.90
ребенке	36950	13043	2	2	0.90
Мыслители	36950	13043	2	2	0.90
Феномен	36950	13043	2	2	0.90
нарушениях	36950	13043	2	2	0.90
повествованиях	36950	13043	2	2	0.90
стыдом	36950	13043	2	2	0.90
в борьбе	36950	13043	2	2	0.90
за выживание	36950	13043	2	2	0.90
живший	36950	13043	2	2	0.90
эры	36950	13043	2	2	0.90
эмоциональных	36950	13043	2	2	0.90
Из сказанного	36950	13043	2	2	0.90
восстановлении	36950	13043	2	2	0.90
заглушается	36950	13043	2	2	0.90
слабеет	36950	13043	2	2	0.90
анализируя	36950	13043	2	2	0.90
требований	36950	13043	2	2	0.90
нападает	36950	13043	2	2	0.90
страшливость	36950	13043	2	2	0.90
заблуждающаяся	36950	13043	2	2	0.90
вразумляется	36950	13043	2	2	0.90
падает	36950	13043	2	2	0.90
Божественным	36950	13043	2	2	0.90
огнем	36950	13043	2	2	0.90
злато	36950	13043	2	2	0.90
первоначальная	36950	13043	2	2	0.90
покрывается	36950	13043	2	2	0.90
слоем	36950	13043	2	2	0.90
натачивается	36950	13043	2	2	0.90
безукоризненною	36950	13043	2	2	0.90
хранение	36950	13043	2	2	0.90
испытании	36950	13043	2	2	0.90
неправости	36950	13043	2	2	0.90
выборе	36950	13043	2	2	0.90
хватило	36950	13043	2	2	0.90
Служба	36950	13043	2	2	0.90
настоящая	36950	13043	2	2	0.90
прокурора	36950	13043	2	2	0.90
люди	36950	13043	42	15	0.89
Господь	36950	13043	12	6	0.88
чувством	36950	13043	12	6	0.88
нравственного	36950	13043	12	6	0.88
закона	36950	13043	34	13	0.88
точки	36950	13043	24	10	0.88
внутри	36950	13043	15	7	0.87
страх	36950	13043	15	7	0.87
должен	36950	13043	18	8	0.87
дает	36950	13043	34	12	0.85
почему	36950	13043	25	10	0.84
взаимоотношения	36950	13043	7	4	0.83
условий	36950	13043	7	4	0.83
одного	36950	13043	7	4	0.83
чувствовать	36950	13043	7	4	0.83
иная	36950	13043	7	4	0.83
правильный	36950	13043	7	4	0.83
постепенно	36950	13043	7	4	0.83
нами	36950	13043	7	4	0.83
заповеди	36950	13043	7	4	0.83
взгляд	36950	13043	7	4	0.83
иной	36950	13043	7	4	0.83
Зачем	36950	13043	7	4	0.83
действовать	36950	13043	19	8	0.82
случае	36950	13043	19	8	0.82
внутренний	36950	13043	29	10	0.81
называют	36950	13043	10	5	0.81
плод	36950	13043	10	5	0.81
силой	36950	13043	10	5	0.81
подобно	36950	13043	10	5	0.81
показывает	36950	13043	10	5	0.81
судит	36950	13043	10	5	0.81
оценивать	36950	13043	10	5	0.81
тогда	36950	13043	23	9	0.80
помощью	36950	13043	13	6	0.80
общество	36950	13043	13	6	0.80
человеческой	36950	13043	13	6	0.80
способность	36950	13043	24	8	0.78
моральных	36950	13043	17	7	0.77
На	36950	13043	17	7	0.77
нельзя	36950	13043	21	8	0.77
нравственности	36950	13043	21	7	0.75
врожденное	36950	13043	5	3	0.73
получить	36950	13043	5	3	0.73
приятно	36950	13043	5	3	0.73
добрые	36950	13043	5	3	0.73
раскаяние	36950	13043	5	3	0.73
обычно	36950	13043	5	3	0.73
элементов	36950	13043	5	3	0.73
долга	36950	13043	5	3	0.73
корень	36950	13043	5	3	0.73
изначально	36950	13043	5	3	0.73
другого	36950	13043	5	3	0.73
послании	36950	13043	5	3	0.73
хочет	36950	13043	5	3	0.73
благо	36950	13043	5	3	0.73
важнее	36950	13043	5	3	0.73
веру	36950	13043	5	3	0.73
собственные	36950	13043	5	3	0.73
качества	36950	13043	5	3	0.73
прислушиваться	36950	13043	5	3	0.73
простыми	36950	13043	5	3	0.73
Важно	36950	13043	5	3	0.73
отличать	36950	13043	5	3	0.73
человечества	36950	13043	5	3	0.73
время	36950	13043	20	7	0.73
У	36950	13043	19	7	0.73
законам	36950	13043	11	5	0.73
прямо	36950	13043	11	5	0.73
Я	36950	13043	11	5	0.73
мир	36950	13043	11	5	0.73
позволяет	36950	13043	11	5	0.73
наказывает	36950	13043	8	4	0.72
взрослых	36950	13043	8	4	0.72
сущности	36950	13043	8	4	0.72
какой-то	36950	13043	8	4	0.72
связи	36950	13043	8	4	0.72
страстей	36950	13043	8	4	0.72
страха	36950	13043	8	4	0.72
Чтобы	36950	13043	8	4	0.72
поскольку	36950	13043	8	4	0.72
действие	36950	13043	15	6	0.72
По	36950	13043	18	6	0.71
каждый	36950	13043	18	6	0.71
один	36950	13043	17	6	0.70
нужно	36950	13043	17	6	0.70
нашей	36950	13043	17	6	0.70
плохо	36950	13043	16	6	0.70
вместе	36950	13043	12	5	0.69
внутренним	36950	13043	12	5	0.69
самостоятельно	36950	13043	12	5	0.69
Например	36950	13043	13	5	0.66
проблема	36950	13043	13	5	0.66
например	36950	13043	13	5	0.66
мира	36950	13043	14	5	0.66
вопросы	36950	13043	13	4	0.66
нравственным	36950	13043	13	4	0.66
Божией	36950	13043	13	4	0.66
человеком	36950	13043	13	4	0.66
правила	36950	13043	13	4	0.66
Ведь	36950	13043	13	4	0.66
убедить	36950	13043	9	4	0.65
свет	36950	13043	9	4	0.65
вопрос	36950	13043	9	4	0.65
судья	36950	13043	9	4	0.65
нечто	36950	13043	9	4	0.65
совершает	36950	13043	9	4	0.65
таким	36950	13043	9	4	0.65
определить	36950	13043	9	4	0.65
поступает	36950	13043	9	4	0.65
требует	36950	13043	9	4	0.65
духовная	36950	13043	9	4	0.65
наказания	36950	13043	9	4	0.65
мучить	36950	13043	9	4	0.65
решения	36950	13043	12	4	0.63
спастись	36950	13043	6	3	0.62
грехов	36950	13043	6	3	0.62
любовь	36950	13043	6	3	0.62
Кант	36950	13043	6	3	0.62
имеют	36950	13043	6	3	0.62
идти	36950	13043	6	3	0.62
эмоции	36950	13043	6	3	0.62
силу	36950	13043	6	3	0.62
состоянии	36950	13043	6	3	0.62
сторона	36950	13043	6	3	0.62
право	36950	13043	6	3	0.62
здесь	36950	13043	6	3	0.62
бывает	36950	13043	6	3	0.62
добрую	36950	13043	6	3	0.62
влиянием	36950	13043	6	3	0.62
привести	36950	13043	6	3	0.62
стать	36950	13043	6	3	0.62
зло	36950	13043	6	3	0.62
осознание	36950	13043	6	3	0.62
удовлетворения	36950	13043	6	3	0.62
согласии	36950	13043	6	3	0.62
Писание	36950	13043	6	3	0.62
такого	36950	13043	6	3	0.62
многие	36950	13043	6	3	0.62
из-за	36950	13043	6	3	0.62
вовсе	36950	13043	6	3	0.62
глубоко	36950	13043	6	3	0.62
должна	36950	13043	6	3	0.62
справедливости	36950	13043	6	3	0.62
пред	36950	13043	6	3	0.62
Тут	36950	13043	6	3	0.62
покаянием	36950	13043	6	3	0.62
определяет	36950	13043	10	4	0.62
друг	36950	13043	10	4	0.62
просто	36950	13043	10	4	0.62
состоит	36950	13043	10	4	0.62
тонкое	36950	13043	3	2	0.62
последнее	36950	13043	3	2	0.62
наименование	36950	13043	3	2	0.62
отличительное	36950	13043	3	2	0.62
писанным	36950	13043	3	2	0.62
счастья	36950	13043	3	2	0.62
